ENTITYNAME=F4System
SYSCLASSIFYNAME=P_K_2
BASEFAMILY=5650804f-5d96-497c-bea2-0d490ccf229a.fam
OBJECTMODELPOINTER=242a9ab8-72e9-445c-8431-1b550c6a2727.dev
TRANSFORMMATRIX=-7.71108389433715E-15,-0.978851749832859,-0.20457089687722,0,1,0,0,0,0,-0.20457089687722,0.978851749832859,0,96000,48252.1840501825,17386.2873093683,1
SUBDEVICES.NUM=0
SUBLOGICALMODELS.NUM=0
