ENTITYNAME=F4System
SYSCLASSIFYNAME=2_8_5
BASEFAMILY=1d76b6ce-d5ba-42b6-93ed-27832ad5dd5b.fam
OBJECTMODELPOINTER=54876b6a-2c7a-457a-80d8-685fe690d8fd.dev
TRANSFORMMATRIX=-0.138954977227201,0.984093949031145,-0.11068249086497,0,0.990177781912436,0.139814020065831,0,0,-0.0154749639987311,0.10959534330122,0.9938558176194,0,148500,52788.739299681,18000,1
SUBDEVICES.NUM=0
SUBLOGICALMODELS.NUM=0
