ENTITYNAME=F4System
SYSCLASSIFYNAME=G_T_4
BASEFAMILY=0a06b43f-086a-4f2a-af60-25f01d469cd7.fam
OBJECTMODELPOINTER=0a06b43f-086a-4f2a-af60-25f01d469cd7.dev
TRANSFORMMATRIX=1,0,0,0,0,-1,0,0,0,0,1,0,16888.9441931015,50900.4432405735,0,1
SUBDEVICES.NUM=0
SUBLOGICALMODELS.NUM=0
