ENTITYNAME=F4System
SYSCLASSIFYNAME=3_2_5
BASEFAMILY=9b520ef1-e384-41a7-9ca2-a3462b17e68e.fam
OBJECTMODELPOINTER=77c93bee-6b51-448c-bffc-3e5ae776b443.dev
TRANSFORMMATRIX=6.12323399573677E-17,0,-1,0,0,1,0,0,1,0,6.12323399573677E-17,0,173500,15988.739299681,17900,1
SUBDEVICES.NUM=0
SUBLOGICALMODELS.NUM=0
