ENTITYNAME=F4System
SYSCLASSIFYNAME=P_K_2
BASEFAMILY=771eec6c-9e97-4de9-a064-b576f2bc8823.fam
OBJECTMODELPOINTER=54876b6a-2c7a-457a-80d8-685fe690d8fd.dev
TRANSFORMMATRIX=0,0.97885174983286,-0.204570896877218,0,1,0,0,0,0,0.204570896877218,0.978851749832859,0,103000,16788.739299681,18000,1
SUBDEVICES.NUM=0
SUBLOGICALMODELS.NUM=0
