ENTITYNAME=F4System
SYSCLASSIFYNAME=P_K_9
BASEFAMILY=1a23a5cb-a559-457c-af8e-38fa1f719ec3.fam
OBJECTMODELPOINTER=21615058-6beb-420e-ab28-9a1566ce78b5.dev
TRANSFORMMATRIX=3.62158515735529E-14,-0.978442028793515,-0.20652166058414,0,-1,0,0,0,0,-0.20652166058414,0.978442028793515,0,177002.263055386,188674.610512964,26021.0710678119,1
SUBDEVICES.NUM=0
SUBLOGICALMODELS.NUM=0
