ENTITYNAME=F4System
SYSCLASSIFYNAME=2_4_2
BASEFAMILY=3df5d971-0d7b-4c1c-ac15-01a384c10a0f.fam
OBJECTMODELPOINTER=77c93bee-6b51-448c-bffc-3e5ae776b443.dev
TRANSFORMMATRIX=6.12323399573677E-17,0,-1,0,0,-1,0,0,1,0,6.12323399573677E-17,0,62500,51988.739299681,17900,1
SUBDEVICES.NUM=0
SUBLOGICALMODELS.NUM=0
