ENTITYNAME=F4System
SYSCLASSIFYNAME=1_0_6
BASEFAMILY=3c989cd5-d826-42b0-88ac-c1c8a7dcb00f.fam
OBJECTMODELPOINTER=54876b6a-2c7a-457a-80d8-685fe690d8fd.dev
TRANSFORMMATRIX=4.79566039456037E-14,-0.978851749832859,-0.20457089687722,0,1,0,0,0,0,-0.20457089687722,0.978851749832859,0,160500,51188.739299681,18000,1
SUBDEVICES.NUM=0
SUBLOGICALMODELS.NUM=0
