ENTITYNAME=F4System
SYSCLASSIFYNAME=P_K_1
BASEFAMILY=590a360a-1252-4c7e-bfd6-7a97fbc0b60c.fam
OBJECTMODELPOINTER=3865937e-64cb-4f8b-be64-e7d4675a9875.dev
TRANSFORMMATRIX=-0.0509122785943435,-0.355947756584515,-0.933117963856008,0,0.989925105785659,-0.141591966351387,0,0,-0.132122007340175,-0.923716899080658,0.359570390228696,0,77820.9339342587,50736.8180315518,10535.1839988603,1
SUBDEVICES.NUM=0
SUBLOGICALMODELS.NUM=0
