ENTITYNAME=F4System
SYSCLASSIFYNAME=G_J_2
BASEFAMILY=56767e88-2121-4ad5-b8f1-e7d2a0fa66cb.fam
OBJECTMODELPOINTER=8d19c434-e3db-4ef3-a5a5-696fed9926b8.dev
TRANSFORMMATRIX=6.12323399573677E-17,1,0,0,-1,6.12323399573677E-17,0,0,0,0,1,0,223999.857354791,221251.000000001,0,1
SUBDEVICES.NUM=0
SUBLOGICALMODELS.NUM=0
