ENTITYNAME=F4System
SYSCLASSIFYNAME=P_K_1
BASEFAMILY=06aed6e9-0553-43f2-8f0d-282e489fa022.fam
OBJECTMODELPOINTER=43bfa588-1ed8-4c78-ba86-3370947c958b.dev
TRANSFORMMATRIX=3.74939945665465E-33,6.12323399573677E-17,-1,0,-1,6.12323399573677E-17,0,0,6.12323399573677E-17,1,6.12323399573677E-17,0,127000,16001.739299681,17820,1
SUBDEVICES.NUM=0
SUBLOGICALMODELS.NUM=0
