ENTITYNAME=F4System
SYSCLASSIFYNAME=G_T_4
BASEFAMILY=31416f70-0e4d-405e-af40-6dfaab63960d.fam
OBJECTMODELPOINTER=31416f70-0e4d-405e-af40-6dfaab63960d.dev
TRANSFORMMATRIX=-1,1.22464679914735E-16,0,0,-1.22464679914735E-16,-1,0,0,0,0,1,0,16088.9441931015,47000.4432405735,0,1
SUBDEVICES.NUM=0
SUBLOGICALMODELS.NUM=0
