ENTITYNAME=F4System
SYSCLASSIFYNAME=G_T_4
BASEFAMILY=3d4a33e7-a38c-46ca-9657-ce5a493f7393.fam
OBJECTMODELPOINTER=53c412d9-8331-4607-943a-55b670cc299a.dev
TRANSFORMMATRIX=1,0,0,0,0,1,0,0,0,0,1,0,74989.8250092578,182498.45883756,0,1
SUBDEVICES.NUM=0
SUBLOGICALMODELS.NUM=0
