ENTITYNAME=F4System
SYSCLASSIFYNAME=G_J_2
BASEFAMILY=5f53f7b6-93c4-4980-8f0d-cc0b64a6247d.fam
OBJECTMODELPOINTER=65576b45-87f1-456b-ad7e-f78ed76463fe.dev
TRANSFORMMATRIX=1,0,0,0,0,1,0,0,0,0,1,0,83999.9932746698,4999.53316666318,0,1
SUBDEVICES.NUM=0
SUBLOGICALMODELS.NUM=0
