ENTITYNAME=F4System
SYSCLASSIFYNAME=G_J_2
BASEFAMILY=599603b1-cd5d-4774-ab21-d215484bb504.fam
OBJECTMODELPOINTER=8d19c434-e3db-4ef3-a5a5-696fed9926b8.dev
TRANSFORMMATRIX=1,0,0,0,0,1,0,0,0,0,1,0,221474.284919073,226500.580936953,4.94200000017735,1
SUBDEVICES.NUM=0
SUBLOGICALMODELS.NUM=0
