ENTITYNAME=F4System
SYSCLASSIFYNAME=5_7_8
BASEFAMILY=95ab11ee-6eef-4a15-9c55-d5d89efb08e7.fam
OBJECTMODELPOINTER=54876b6a-2c7a-457a-80d8-685fe690d8fd.dev
TRANSFORMMATRIX=0,0.97885174983286,-0.204570896877218,0,1,0,0,0,0,0.204570896877218,0.978851749832859,0,62499.9999999999,16788.739299681,18000,1
SUBDEVICES.NUM=0
SUBLOGICALMODELS.NUM=0
