ENTITYNAME=F4System
SYSCLASSIFYNAME=P_K_1
BASEFAMILY=4b01988b-52bc-4560-90e9-d06f160f8bb6.fam
OBJECTMODELPOINTER=3865937e-64cb-4f8b-be64-e7d4675a9875.dev
TRANSFORMMATRIX=-0.000289143053343894,-0.803392790311605,0.595449360459501,0,0.999999935235111,-0.000359902451542394,0,0,0.000214303684598725,0.595449321895289,0.803392842343253,0,70982.4528289373,49644.942419065,15536.8693605234,1
SUBDEVICES.NUM=0
SUBLOGICALMODELS.NUM=0
