ENTITYNAME=F4System
SYSCLASSIFYNAME=P_K_2
BASEFAMILY=8982796c-d7bd-4b16-b719-ed46a17eeba1.fam
OBJECTMODELPOINTER=878faf34-e1c0-44bf-9b6a-83b85c5c8040.dev
TRANSFORMMATRIX=7.81671518056095E-15,-0.978851749832859,-0.20457089687722,0,1,0,0,0,0,-0.20457089687722,0.978851749832859,0,103000,51188.739299681,18000,1
SUBDEVICES.NUM=0
SUBLOGICALMODELS.NUM=0
