ENTITYNAME=F4System
SYSCLASSIFYNAME=G_J_2
BASEFAMILY=1d02ba25-c846-4228-a706-b0eaf29af4fe.fam
OBJECTMODELPOINTER=65576b45-87f1-456b-ad7e-f78ed76463fe.dev
TRANSFORMMATRIX=1,0,0,0,0,1,0,0,0,0,1,0,45999.9932746699,4999.53316666318,0,1
SUBDEVICES.NUM=0
SUBLOGICALMODELS.NUM=0
