ENTITYNAME=F4System
SYSCLASSIFYNAME=P_K_2
BASEFAMILY=11318523-3f1b-47f6-947b-8f78bca70ff4.fam
OBJECTMODELPOINTER=54876b6a-2c7a-457a-80d8-685fe690d8fd.dev
TRANSFORMMATRIX=-2.90486037115441E-14,-0.978851749832859,-0.20457089687722,0,1,0,0,0,0,-0.20457089687722,0.978851749832859,0,148500,51188.739299681,18000,1
SUBDEVICES.NUM=0
SUBLOGICALMODELS.NUM=0
