ENTITYNAME=F4System
SYSCLASSIFYNAME=G_J_2
BASEFAMILY=71d34115-d33e-493a-bb52-f7b203661d8b.fam
OBJECTMODELPOINTER=71d34115-d33e-493a-bb52-f7b203661d8b.dev
TRANSFORMMATRIX=6.12323399573677E-17,1,0,0,-1,6.12323399573677E-17,0,0,0,0,1,0,230934.377227932,31194.3239246089,0,1
SUBDEVICES.NUM=0
SUBLOGICALMODELS.NUM=0
