ENTITYNAME=F4System
SYSCLASSIFYNAME=G_S_1
BASEFAMILY=e134d241-2b72-475c-9ac6-ba083924137c.fam
OBJECTMODELPOINTER=7677bbe9-59b5-4df8-a375-e111555717d5.dev
TRANSFORMMATRIX=1,0,0,0,0,1,0,0,0,0,1,0,85500.0227369808,78799.9438876878,0,1
SUBDEVICES.NUM=4
SUBDEVICE0=8bea960d-2e56-4fef-95b8-0f07200109f3.cbm
SUBDEVICE1=7b2dabc6-d4d9-4c02-ab0c-01804af037a6.cbm
SUBDEVICE2=bb40c9e6-d91d-484c-977a-adcd1f3223a9.cbm
SUBDEVICE3=5caafeb1-91f9-4587-b9c3-42baedae7bae.cbm
SUBLOGICALMODELS.NUM=0
