ENTITYNAME=F4System
SYSCLASSIFYNAME=P_K_1
BASEFAMILY=6ef99d3c-791c-428f-b5e9-7a48f3167055.fam
OBJECTMODELPOINTER=242a9ab8-72e9-445c-8431-1b550c6a2727.dev
TRANSFORMMATRIX=0.290231307588388,0.950917568249162,-0.107338560129319,0,0.956443393982345,-0.291917855068053,0,0,0.0313340422390439,0.102663256755263,0.994222527158465,0,103870.693922765,55641.4920044285,17677.984319612,1
SUBDEVICES.NUM=0
SUBLOGICALMODELS.NUM=0
