ENTITYNAME=F4System
SYSCLASSIFYNAME=P_K_1
BASEFAMILY=6bbc8421-f3f3-404e-983d-1f4ae89b544b.fam
OBJECTMODELPOINTER=53c7c2f2-18de-4212-a736-8f7474b072cd.dev
TRANSFORMMATRIX=-2.32873906611556E-14,-0.996963369817925,-0.0778719412965167,0,1,0,0,0,0,-0.0778719412965167,0.996963369817925,0,62500,39765.6905424752,16225.8829840113,1
SUBDEVICES.NUM=0
SUBLOGICALMODELS.NUM=0
