ENTITYNAME=F4System
SYSCLASSIFYNAME=G_J_2
BASEFAMILY=91438dd2-73de-4d9a-956e-dd534a24b81c.fam
OBJECTMODELPOINTER=65576b45-87f1-456b-ad7e-f78ed76463fe.dev
TRANSFORMMATRIX=1,0,0,0,0,1,0,0,0,0,1,0,77999.9932746482,4999.53316666318,0,1
SUBDEVICES.NUM=0
SUBLOGICALMODELS.NUM=0
