ENTITYNAME=F4System
SYSCLASSIFYNAME=P_K_1
BASEFAMILY=47d32d4f-cd26-49c4-8a62-8de1e92704c4.fam
OBJECTMODELPOINTER=21615058-6beb-420e-ab28-9a1566ce78b5.dev
TRANSFORMMATRIX=9.04985725572034E-14,0.978455439052219,-0.20645811630723,0,1,0,0,0,0,0.20645811630723,0.978455439052219,0,81004.2333630031,128312.610512964,26021.0710678119,1
SUBDEVICES.NUM=0
SUBLOGICALMODELS.NUM=0
