ENTITYNAME=F4System
SYSCLASSIFYNAME=P_H_2
BASEFAMILY=1d6169e4-f16d-46fe-8258-5b4705979265.fam
OBJECTMODELPOINTER=8e254d87-904c-46cc-a3f5-1c261bf23209.dev
TRANSFORMMATRIX=1,0,0,0,0,1,0,0,0,0,1,0,104999.545127112,82799.9969065852,6552,1
SUBDEVICES.NUM=0
SUBLOGICALMODELS.NUM=0
