ENTITYNAME=F4System
SYSCLASSIFYNAME=P_K_1
BASEFAMILY=98e1756b-93fd-4552-aa11-ed6d5a646de2.fam
OBJECTMODELPOINTER=54876b6a-2c7a-457a-80d8-685fe690d8fd.dev
TRANSFORMMATRIX=0.0468261448486431,-0.98033002895413,-0.191729878968846,0,0.99886116757302,0.047711297557944,0,0,0.00914768130623119,-0.191511530765455,0.98144773345838,0,93699.5227369804,100950.443603033,20000,1
SUBDEVICES.NUM=0
SUBLOGICALMODELS.NUM=0
