ENTITYNAME=F4System
SYSCLASSIFYNAME=P_K_2
BASEFAMILY=2a23a0b4-932a-42fc-a5fa-9c4de730d39c.fam
OBJECTMODELPOINTER=53c7c2f2-18de-4212-a736-8f7474b072cd.dev
TRANSFORMMATRIX=-6.73680146489312E-14,-0.991413500705821,-0.130764179415576,0,1,0,0,0,0,-0.130764179415576,0.991413500705821,0,96000,43743.8200028289,16643.598194012,1
SUBDEVICES.NUM=0
SUBLOGICALMODELS.NUM=0
