ENTITYNAME=F4System
SYSCLASSIFYNAME=P_K_3
BASEFAMILY=33480168-8157-4ac2-9c5c-e9769270e3cd.fam
OBJECTMODELPOINTER=53c7c2f2-18de-4212-a736-8f7474b072cd.dev
TRANSFORMMATRIX=1.01881424173903E-13,-0.999550700962046,0.0299732581859645,0,1,0,0,0,0,0.0299732581859645,0.999550700962046,0,152000,31770.9206604664,16033.5192323538,1
SUBDEVICES.NUM=0
SUBLOGICALMODELS.NUM=0
