ENTITYNAME=F4System
SYSCLASSIFYNAME=G_J_1
BASEFAMILY=68b2aa5d-a8c1-4d78-91e0-974ae2a706c2.fam
OBJECTMODELPOINTER=347de0dc-b7d8-4585-8516-fcd310d40749.dev
TRANSFORMMATRIX=6.12323399573677E-17,1,0,0,-1,6.12323399573677E-17,0,0,0,0,1,0,75012.9854664141,169499.610512925,20085.0000000017,1
SUBDEVICES.NUM=0
SUBLOGICALMODELS.NUM=0
