ENTITYNAME=F4System
SYSCLASSIFYNAME=2_4_9
BASEFAMILY=9a3871f2-a0bd-4bfb-ad17-38b270e884bb.fam
OBJECTMODELPOINTER=77c93bee-6b51-448c-bffc-3e5ae776b443.dev
TRANSFORMMATRIX=6.12323399573677E-17,0,-1,0,0,-1,0,0,1,0,6.12323399573677E-17,0,173500,51988.739299681,17900,1
SUBDEVICES.NUM=0
SUBLOGICALMODELS.NUM=0
