ENTITYNAME=F4System
SYSCLASSIFYNAME=P_K_4
BASEFAMILY=971b7298-0ed2-4833-9431-8e5cd1c1e6fc.fam
OBJECTMODELPOINTER=4341f697-acf0-406b-93e5-bcaf53691342.dev
TRANSFORMMATRIX=-5.40832185465833E-14,0.97885174983286,-0.204570896877218,0,1,0,0,0,0,0.204570896877218,0.978851749832859,0,185500,16788.739299681,18000,1
SUBDEVICES.NUM=0
SUBLOGICALMODELS.NUM=0
