ENTITYNAME=F4System
SYSCLASSIFYNAME=G_T_4
BASEFAMILY=828d468c-f3d4-41f6-9606-0b8de500957b.fam
OBJECTMODELPOINTER=53c412d9-8331-4607-943a-55b670cc299a.dev
TRANSFORMMATRIX=1,0,0,0,0,1,0,0,0,0,1,0,115499.529462246,186999.202829324,0,1
SUBDEVICES.NUM=0
SUBLOGICALMODELS.NUM=0
