ENTITYNAME=F4System
SYSCLASSIFYNAME=P_K_4
BASEFAMILY=96fc1ef3-4765-4c6d-8850-9a369ed8fb47.fam
OBJECTMODELPOINTER=2e7f4cc2-bb6b-4c26-97d5-f5eb080247cb.dev
TRANSFORMMATRIX=5.02724843641286E-14,0.978695853869386,-0.205315429568443,0,1,0,0,0,0,0.205315429568443,0.978695853869386,0,164000,16869.7040685749,17996.2978117348,1
SUBDEVICES.NUM=0
SUBLOGICALMODELS.NUM=0
