ENTITYNAME=F4System
SYSCLASSIFYNAME=G_J_1
BASEFAMILY=4b8a5cee-8e51-44f2-a64d-5921970f6c29.fam
OBJECTMODELPOINTER=347de0dc-b7d8-4585-8516-fcd310d40749.dev
TRANSFORMMATRIX=-1.83697019872103E-16,1,0,0,1,1.83697019872103E-16,0,0,0,0,1,0,182902.942203815,134500.762188327,20085.0000000016,1
SUBDEVICES.NUM=0
SUBLOGICALMODELS.NUM=0
