ENTITYNAME=F4System
SYSCLASSIFYNAME=G_T_4
BASEFAMILY=35a0c9f5-baf4-4fba-952c-f4c220ec1d53.fam
OBJECTMODELPOINTER=35a0c9f5-baf4-4fba-952c-f4c220ec1d53.dev
TRANSFORMMATRIX=1,0,0,0,0,1,0,0,0,0,1,0,85899.5171068817,130999.610513023,0,1
SUBDEVICES.NUM=0
SUBLOGICALMODELS.NUM=0
