ENTITYNAME=F4System
SYSCLASSIFYNAME=G_T_4
BASEFAMILY=18bf921c-e2f0-4450-a366-15981b23e22e.fam
OBJECTMODELPOINTER=18bf921c-e2f0-4450-a366-15981b23e22e.dev
TRANSFORMMATRIX=1,0,0,0,0,1,0,0,0,0,1,0,199238.944193101,48400.4432405735,0,1
SUBDEVICES.NUM=0
SUBLOGICALMODELS.NUM=0
