ENTITYNAME=F4System
SYSCLASSIFYNAME=G_N_1
BASEFAMILY=6cb119ce-6ad6-45ff-a53f-3c93d2470c9d.fam
OBJECTMODELPOINTER=2b6d3d0b-cd02-405c-af74-ac92b9da98c7.dev
TRANSFORMMATRIX=1,0,0,0,0,1,0,0,0,0,1,0,72499.5226189971,65792.4063404303,0,1
SUBDEVICES.NUM=0
SUBLOGICALMODELS.NUM=0
