ENTITYNAME=F4System
SYSCLASSIFYNAME=G_J_2
BASEFAMILY=100c5a44-6319-4f88-99a6-a7645c9b0730.fam
OBJECTMODELPOINTER=739f4188-27b8-42b9-9250-e4fc8d5ea6df.dev
TRANSFORMMATRIX=6.12323399573677E-17,1,0,0,-1,6.12323399573677E-17,0,0,0,0,1,0,245749.862823303,75999.0000000003,0,1
SUBDEVICES.NUM=0
SUBLOGICALMODELS.NUM=0
