ENTITYNAME=F4System
SYSCLASSIFYNAME=P_K_1
BASEFAMILY=8974edbc-147d-43bf-a877-8bf51db60d1e.fam
OBJECTMODELPOINTER=4341f697-acf0-406b-93e5-bcaf53691342.dev
TRANSFORMMATRIX=8.79064714692993E-15,-0.986678164442782,-0.162684356383221,0,1,0,0,0,0,-0.162684356383221,0.986678164442782,0,21000,15188.739299681,17999.9999999999,1
SUBDEVICES.NUM=0
SUBLOGICALMODELS.NUM=0
