ENTITYNAME=F4System
SYSCLASSIFYNAME=P_K_1
BASEFAMILY=54876b6a-2c7a-457a-80d8-685fe690d8fd.fam
OBJECTMODELPOINTER=54876b6a-2c7a-457a-80d8-685fe690d8fd.dev
TRANSFORMMATRIX=1.21475979157366E-15,-0.978851749832859,-0.20457089687722,0,1,0,0,0,0,-0.20457089687722,0.978851749832859,0,59000,51188.739299681,18000,1
SUBDEVICES.NUM=0
SUBLOGICALMODELS.NUM=0
