ENTITYNAME=F4System
SYSCLASSIFYNAME=P_K_8
BASEFAMILY=315a71b2-064f-4a04-b5d4-c9238fc3e4e6.fam
OBJECTMODELPOINTER=3865937e-64cb-4f8b-be64-e7d4675a9875.dev
TRANSFORMMATRIX=-7.21267362408727E-14,0.200332711066238,-0.979727923903801,0,-1,0,0,0,0,0.979727923903801,0.200332711066238,0,185526.033787548,37331.6486703192,8695.93342587284,1
SUBDEVICES.NUM=0
SUBLOGICALMODELS.NUM=0
