ENTITYNAME=F4System
SYSCLASSIFYNAME=P_K_2
BASEFAMILY=2bfd991f-3b4c-4f17-9e89-e38f45ff7983.fam
OBJECTMODELPOINTER=242a9ab8-72e9-445c-8431-1b550c6a2727.dev
TRANSFORMMATRIX=-2.70416092732917E-14,0.97885174983286,-0.204570896877218,0,1,0,0,0,0,0.204570896877218,0.978851749832859,0,148500,19725.2945491796,17386.2873093683,1
SUBDEVICES.NUM=0
SUBLOGICALMODELS.NUM=0
