ENTITYNAME=F4System
SYSCLASSIFYNAME=P_K_1
BASEFAMILY=7dda351d-356a-42ac-aa5e-3825bd7c3ee0.fam
OBJECTMODELPOINTER=7d2e69ca-7e99-4ddd-aa33-2bfb78029162.dev
TRANSFORMMATRIX=-3.116122943602E-15,-0.978851749832859,-0.20457089687722,0,1,0,0,0,0,-0.20457089687722,0.978851749832859,0,71000,51110.4311596944,17983.6343282498,1
SUBDEVICES.NUM=0
SUBLOGICALMODELS.NUM=0
