ENTITYNAME=F4System
SYSCLASSIFYNAME=G_S_7
BASEFAMILY=0a9e0527-d360-40b7-8ad6-683faed54761.fam
OBJECTMODELPOINTER=0bb243b2-58bc-4e21-ab9c-84181bae1c5a.dev
TRANSFORMMATRIX=1,0,0,0,0,1,0,0,0,0,1,0,86099.0227369808,69449.943887688,7.27595761418343E-13,1
SUBDEVICES.NUM=0
SUBLOGICALMODELS.NUM=0
