ENTITYNAME=F4System
SYSCLASSIFYNAME=1_2_2
BASEFAMILY=69b9972a-99fe-4ad3-9c29-1dfd52dd67b1.fam
OBJECTMODELPOINTER=54876b6a-2c7a-457a-80d8-685fe690d8fd.dev
TRANSFORMMATRIX=8.79064714692993E-15,-0.986678164442782,-0.162684356383221,0,1,0,0,0,0,-0.162684356383221,0.986678164442782,0,24500,15188.739299681,18000,1
SUBDEVICES.NUM=0
SUBLOGICALMODELS.NUM=0
