ENTITYNAME=F4System
SYSCLASSIFYNAME=P_K_1
BASEFAMILY=06e725e4-b360-43ba-b2b6-3ca842bb23ef.fam
OBJECTMODELPOINTER=3865937e-64cb-4f8b-be64-e7d4675a9875.dev
TRANSFORMMATRIX=-0.0847354343283225,0.421017058159694,-0.903086121534235,0,-0.980341717720335,-0.197307162812561,0,0,-0.17818536041532,0.885332999634267,0.429459494122848,0,126531.597056876,18280.9160084985,6689.176084032,1
SUBDEVICES.NUM=0
SUBLOGICALMODELS.NUM=0
