ENTITYNAME=F4System
SYSCLASSIFYNAME=G_T_4
BASEFAMILY=7d492537-9cf0-42cc-bdd8-0786ce70162c.fam
OBJECTMODELPOINTER=7b83806a-41b6-406e-b01b-38fb541eb75a.dev
TRANSFORMMATRIX=6.12323399573677E-17,1,0,0,-1,6.12323399573677E-17,0,0,0,0,1,0,101988.916084293,140999.610329836,2661.99999999999,1
SUBDEVICES.NUM=0
SUBLOGICALMODELS.NUM=0
