ENTITYNAME=F4System
SYSCLASSIFYNAME=G_S_2
BASEFAMILY=627ce9e2-ae18-4749-911e-acc00799126f.fam
OBJECTMODELPOINTER=794f5423-972f-45e6-951d-5a8ebce06ccf.dev
TRANSFORMMATRIX=1,0,0,0,0,1,0,0,0,0,1,0,93699.5226690531,79300.4435688906,0,1
SUBDEVICES.NUM=12
SUBDEVICE0=bdff345e-0472-4553-b434-a797d83f7f80.cbm
SUBDEVICE1=412fc0ca-a6d3-4502-bddf-fd9a1a3f145a.cbm
SUBDEVICE2=c65a83f4-b329-4b32-bc39-24fd4217ebe3.cbm
SUBDEVICE3=fe34efe4-6c94-42df-8eac-c9a62f6dc9a2.cbm
SUBDEVICE4=42d4d10e-8d99-4ed7-a776-e066b6912ff5.cbm
SUBDEVICE5=a3996a08-2266-4ec3-a9c3-55b696547f72.cbm
SUBDEVICE6=7acce895-2223-4d50-8dc0-bfec4f9f2dc4.cbm
SUBDEVICE7=1e1befd5-7468-42f5-b692-a062ef657c8d.cbm
SUBDEVICE8=a5ed68eb-9e49-4cca-b8e5-d85c922088da.cbm
SUBDEVICE9=19f4f800-f001-4875-a9f7-66f6e39f4f0d.cbm
SUBDEVICE10=02c004d1-f2f3-4850-925d-bd1dece05da4.cbm
SUBDEVICE11=9500e337-2276-40bc-91a6-8fb55854c524.cbm
SUBLOGICALMODELS.NUM=0
