ENTITYNAME=F4System
SYSCLASSIFYNAME=G_J_1
BASEFAMILY=3aa5a973-3baa-4144-937c-b8f548772e3d.fam
OBJECTMODELPOINTER=347de0dc-b7d8-4585-8516-fcd310d40749.dev
TRANSFORMMATRIX=-1.83697019872103E-16,1,0,0,1,1.83697019872103E-16,0,0,0,0,1,0,74930.2842934727,175999.610512948,20085.0000000016,1
SUBDEVICES.NUM=0
SUBLOGICALMODELS.NUM=0
