ENTITYNAME=F4System
SYSCLASSIFYNAME=3_0_0
BASEFAMILY=8fca8784-ec85-4489-8a22-5448bf2526aa.fam
OBJECTMODELPOINTER=77c93bee-6b51-448c-bffc-3e5ae776b443.dev
TRANSFORMMATRIX=6.12323399573677E-17,0,-1,0,0,1,0,0,1,0,6.12323399573677E-17,0,27947.6175452812,15988.739299681,17900,1
SUBDEVICES.NUM=0
SUBLOGICALMODELS.NUM=0
