ENTITYNAME=F4System
SYSCLASSIFYNAME=P_K_1
BASEFAMILY=3f0868a0-8264-4008-b402-3be0e0ee8d90.fam
OBJECTMODELPOINTER=54876b6a-2c7a-457a-80d8-685fe690d8fd.dev
TRANSFORMMATRIX=-0.286916356584366,-0.940056420381081,-0.184317472922836,0,0.956443393982345,-0.291917855068053,0,0,-0.0538055613471982,-0.176289229372566,0.982866760642224,0,117699.522737167,100950.443603033,20000,1
SUBDEVICES.NUM=0
SUBLOGICALMODELS.NUM=0
