ENTITYNAME=F4System
SYSCLASSIFYNAME=G_J_2
BASEFAMILY=29fb1e6a-96bf-4749-a04a-2b9200cc364e.fam
OBJECTMODELPOINTER=65576b45-87f1-456b-ad7e-f78ed76463fe.dev
TRANSFORMMATRIX=1,0,0,0,0,1,0,0,0,0,1,0,210569.564322474,4999.53316666318,0,1
SUBDEVICES.NUM=0
SUBLOGICALMODELS.NUM=0
