ENTITYNAME=F4System
SYSCLASSIFYNAME=P_K_8
BASEFAMILY=3865937e-64cb-4f8b-be64-e7d4675a9875.fam
OBJECTMODELPOINTER=3865937e-64cb-4f8b-be64-e7d4675a9875.dev
TRANSFORMMATRIX=1.83128281826617E-14,-0.7400764810117,-0.672522715046368,0,1,0,0,0,0,-0.672522715046368,0.7400764810117,0,15500,39105.1539548367,9236.28487802301,1
SUBDEVICES.NUM=0
SUBLOGICALMODELS.NUM=0
