ENTITYNAME=F4System
SYSCLASSIFYNAME=G_T_4
BASEFAMILY=35199d46-db0a-4d18-83ec-2e593dfacaba.fam
OBJECTMODELPOINTER=7b83806a-41b6-406e-b01b-38fb541eb75a.dev
TRANSFORMMATRIX=6.12323399573677E-17,1,0,0,-1,6.12323399573677E-17,0,0,0,0,1,0,183020.008321713,140999.610329836,2661.99999999999,1
SUBDEVICES.NUM=0
SUBLOGICALMODELS.NUM=0
