ENTITYNAME=F4System
SYSCLASSIFYNAME=P_K_1
BASEFAMILY=2a99daf2-bc27-4d7b-a37b-7a43947719f0.fam
OBJECTMODELPOINTER=3865937e-64cb-4f8b-be64-e7d4675a9875.dev
TRANSFORMMATRIX=-0.111140031146302,-0.979507430263242,-0.167967519288402,0,0.993624317818733,-0.11274180697176,0,0,-0.0189369616371384,-0.166896611768643,0.985792530132025,0,99523.8412626467,52640.3368950272,14832.2222945243,1
SUBDEVICES.NUM=0
SUBLOGICALMODELS.NUM=0
