ENTITYNAME=F4System
SYSCLASSIFYNAME=G_T_4
BASEFAMILY=6035a45e-e94e-40eb-b5a9-3be59018994c.fam
OBJECTMODELPOINTER=6035a45e-e94e-40eb-b5a9-3be59018994c.dev
TRANSFORMMATRIX=-1,1.22464679914735E-16,0,0,-1.22464679914735E-16,-1,0,0,0,0,1,0,202438.944193101,47000.4432405735,0,1
SUBDEVICES.NUM=0
SUBLOGICALMODELS.NUM=0
