ENTITYNAME=F4System
SYSCLASSIFYNAME=G_J_2
BASEFAMILY=0eee4e72-e563-4df3-b4b5-af4b196d81f6.fam
OBJECTMODELPOINTER=0efb089a-affa-47c6-a483-8cabf0c58502.dev
TRANSFORMMATRIX=1,0,0,0,0,1,0,0,0,0,1,0,92329.522736869,93000.4436029865,0,1
SUBDEVICES.NUM=0
SUBLOGICALMODELS.NUM=0
