ENTITYNAME=F4System
SYSCLASSIFYNAME=G_J_2
BASEFAMILY=62b4a93c-a093-4e09-89cb-d32e989cc039.fam
OBJECTMODELPOINTER=739f4188-27b8-42b9-9250-e4fc8d5ea6df.dev
TRANSFORMMATRIX=6.12323399573677E-17,1,0,0,-1,6.12323399573677E-17,0,0,0,0,1,0,245749.861214746,5000.00000000021,0,1
SUBDEVICES.NUM=0
SUBLOGICALMODELS.NUM=0
