ENTITYNAME=F4System
SYSCLASSIFYNAME=G_J_2
BASEFAMILY=5b7b21cb-4450-4bd6-b092-e7ce1386fc28.fam
OBJECTMODELPOINTER=0efb089a-affa-47c6-a483-8cabf0c58502.dev
TRANSFORMMATRIX=1,0,0,0,0,1,0,0,0,0,1,0,93129.5227366828,95500.4436029865,0,1
SUBDEVICES.NUM=0
SUBLOGICALMODELS.NUM=0
