ENTITYNAME=F4System
SYSCLASSIFYNAME=P_K_3
BASEFAMILY=5b53573e-9804-4d62-832e-2a347f8f6990.fam
OBJECTMODELPOINTER=242a9ab8-72e9-445c-8431-1b550c6a2727.dev
TRANSFORMMATRIX=7.18292746321817E-15,-0.978851749832859,-0.20457089687722,0,1,0,0,0,0,-0.20457089687722,0.978851749832859,0,173500,48252.1840501825,17386.2873093683,1
SUBDEVICES.NUM=0
SUBLOGICALMODELS.NUM=0
