ENTITYNAME=F4System
SYSCLASSIFYNAME=P_K_1
BASEFAMILY=5d9818b0-d7b5-4d38-b0ad-4b7ded761a9f.fam
OBJECTMODELPOINTER=3865937e-64cb-4f8b-be64-e7d4675a9875.dev
TRANSFORMMATRIX=-0.000286982994829895,-0.808188013603548,0.588924487781169,0,0.999999936954008,-0.000355094324506336,0,0,0.000209123743173894,0.588924450651841,0.808188064556566,0,37482.4790256573,13693.4406301354,15652.0815015612,1
SUBDEVICES.NUM=0
SUBLOGICALMODELS.NUM=0
