ENTITYNAME=F4System
SYSCLASSIFYNAME=P_K_2
BASEFAMILY=6641ed91-f24e-460d-bfeb-63f38e8e3d8e.fam
OBJECTMODELPOINTER=878faf34-e1c0-44bf-9b6a-83b85c5c8040.dev
TRANSFORMMATRIX=1.05631286223797E-16,-0.978851749832859,-0.20457089687722,0,1,0,0,0,0,-0.20457089687722,0.978851749832859,0,99500,51188.739299681,18000,1
SUBDEVICES.NUM=0
SUBLOGICALMODELS.NUM=0
