ENTITYNAME=F4System
SYSCLASSIFYNAME=P_K_1
BASEFAMILY=19a20af2-bf12-41f3-9146-9a8e407e0d51.fam
OBJECTMODELPOINTER=3865937e-64cb-4f8b-be64-e7d4675a9875.dev
TRANSFORMMATRIX=8.33716594645894E-14,-0.353783733751891,-0.935327252747706,0,1,0,0,0,0,-0.935327252747706,0.353783733751891,0,123492.928932188,23228.234032558,6743.84493688252,1
SUBDEVICES.NUM=0
SUBLOGICALMODELS.NUM=0
