ENTITYNAME=F4System
SYSCLASSIFYNAME=P_K_8
BASEFAMILY=92d26d9e-72d8-4c92-a383-159856e27ee2.fam
OBJECTMODELPOINTER=21615058-6beb-420e-ab28-9a1566ce78b5.dev
TRANSFORMMATRIX=2.94253794035123E-14,0.978442028793516,-0.206521660584134,0,-1,0,0,0,0,0.206521660584134,0.978442028793516,0,68999.5227349324,162999.610512965,26021.0710678119,1
SUBDEVICES.NUM=0
SUBLOGICALMODELS.NUM=0
