ENTITYNAME=F4System
SYSCLASSIFYNAME=P_K_1
BASEFAMILY=30d2ca0f-7830-4fa0-9d97-55d7c08e26fd.fam
OBJECTMODELPOINTER=3865937e-64cb-4f8b-be64-e7d4675a9875.dev
TRANSFORMMATRIX=-0.291819904894715,-0.956122468781656,-0.0259030461164359,0,0.956443393982345,-0.291917855068053,0,0,-0.00756156166203885,-0.0247747973420852,0.999664459807335,0,109711.053893872,74776.9221121267,16928.4687139322,1
SUBDEVICES.NUM=0
SUBLOGICALMODELS.NUM=0
