ENTITYNAME=F4System
SYSCLASSIFYNAME=P_K_1
BASEFAMILY=41b6f30b-f38a-48db-a7fb-fdc7507a90ed.fam
OBJECTMODELPOINTER=21615058-6beb-420e-ab28-9a1566ce78b5.dev
TRANSFORMMATRIX=-2.71618886801647E-14,-0.978442028793515,-0.20652166058414,0,-1,0,0,0,0,-0.20652166058414,0.978442028793515,0,88504.2333630031,188674.610512964,26021.0710678119,1
SUBDEVICES.NUM=0
SUBLOGICALMODELS.NUM=0
