ENTITYNAME=F4System
SYSCLASSIFYNAME=P_K_9
BASEFAMILY=6a5b22de-b238-44f4-ac31-ffa8786e47f7.fam
OBJECTMODELPOINTER=53c7c2f2-18de-4212-a736-8f7474b072cd.dev
TRANSFORMMATRIX=2.3347826373186E-14,-0.999550700962046,0.0299732581859645,0,1,0,0,0,0,0.0299732581859645,0.999550700962046,0,59000,31770.9206604664,16033.5192323538,1
SUBDEVICES.NUM=0
SUBLOGICALMODELS.NUM=0
