ENTITYNAME=F4System
SYSCLASSIFYNAME=&HGI
BASEFAMILY=32db1342-a434-4d7c-bb5e-ecf1340672a5.fam
OBJECTMODELPOINTER=3dced576-71e4-415f-be5b-84af82f4692a.dev
TRANSFORMMATRIX=-1,1.22464679914735E-16,0,0,-1.22464679914735E-16,-1,0,0,0,0,1,0,24500,29928.0427171186,0,1
SUBDEVICES.NUM=12
SUBDEVICE0=4011a983-3795-4075-a5d6-f4644d1cc397.cbm
SUBDEVICE1=8eac5c6c-d1aa-4368-b167-6933bf17791d.cbm
SUBDEVICE2=28177161-a1bb-4156-8e31-293cdea6e7df.cbm
SUBDEVICE3=ee2eb383-ff4e-41a2-b31b-8c43af5196e1.cbm
SUBDEVICE4=6d5efb7b-7845-4953-a441-ec9febe94919.cbm
SUBDEVICE5=ee215020-3ff6-4da1-b65d-7ab54d82fac3.cbm
SUBDEVICE6=492dcb6b-c3f4-4d8d-a4c7-cea7261d7b70.cbm
SUBDEVICE7=ce1ec449-5d13-4504-8767-2f63466b69ce.cbm
SUBDEVICE8=89d0f4de-cb05-4645-9f9c-03c069bcf07a.cbm
SUBDEVICE9=70c5ffd0-fb60-4c14-85f3-434a0022b1a2.cbm
SUBDEVICE10=f3f06975-2cf6-4a35-a5a1-557197676444.cbm
SUBDEVICE11=ac7d8e9e-7fbf-47de-8746-6f32fda59b9e.cbm
SUBLOGICALMODELS.NUM=0
