ENTITYNAME=F4System
SYSCLASSIFYNAME=P_K_1
BASEFAMILY=034eb15a-60a0-4760-be9b-24d6c226eb81.fam
OBJECTMODELPOINTER=3865937e-64cb-4f8b-be64-e7d4675a9875.dev
TRANSFORMMATRIX=-0.201663959131117,-0.120143109172739,0.9720582703243,0,0.511814224546211,-0.859096152681504,0,0,0.835091520217843,0.497513249839763,0.234739683679878,0,118027.258308055,98399.9312723616,11679.4601110053,1
SUBDEVICES.NUM=0
SUBLOGICALMODELS.NUM=0
