ENTITYNAME=F4System
SYSCLASSIFYNAME=P_K_1
BASEFAMILY=8733564c-19ad-48a4-a091-16006c154785.fam
OBJECTMODELPOINTER=3865937e-64cb-4f8b-be64-e7d4675a9875.dev
TRANSFORMMATRIX=2.61277879718734E-14,0.273207877156456,-0.961955017586406,0,-1,0,0,0,0,0.961955017586406,0.273207877156456,0,123492.928932188,16954.0322495088,10448.220830468,1
SUBDEVICES.NUM=0
SUBLOGICALMODELS.NUM=0
