ENTITYNAME=F4System
SYSCLASSIFYNAME=G_T_4
BASEFAMILY=8a372ccd-66e4-4366-b38b-384bd4bf8197.fam
OBJECTMODELPOINTER=8a372ccd-66e4-4366-b38b-384bd4bf8197.dev
TRANSFORMMATRIX=-1,1.22464679914735E-16,0,0,-1.22464679914735E-16,-1,0,0,0,0,1,0,118699.522736981,80200.443240527,0,1
SUBDEVICES.NUM=0
SUBLOGICALMODELS.NUM=0
