ENTITYNAME=F4System
SYSCLASSIFYNAME=P_K_1
BASEFAMILY=114aae69-6afb-4602-a578-c3e16be5f9d2.fam
OBJECTMODELPOINTER=4341f697-acf0-406b-93e5-bcaf53691342.dev
TRANSFORMMATRIX=3.1689385867139E-15,-0.978851749832859,-0.20457089687722,0,1,0,0,0,0,-0.20457089687722,0.978851749832859,0,66000,51188.739299681,18000,1
SUBDEVICES.NUM=0
SUBLOGICALMODELS.NUM=0
