ENTITYNAME=F4System
SYSCLASSIFYNAME=P_K_9
BASEFAMILY=26dc146a-fd5a-46d9-89a1-df6a4a01c3e7.fam
OBJECTMODELPOINTER=3865937e-64cb-4f8b-be64-e7d4675a9875.dev
TRANSFORMMATRIX=2.83888434206157E-13,-0.541856503760012,-0.840471016355101,0,1,0,0,0,0,-0.840471016355101,0.541856503760012,0,87500,36037.171699652,8916.12722475044,1
SUBDEVICES.NUM=0
SUBLOGICALMODELS.NUM=0
