ENTITYNAME=F4System
SYSCLASSIFYNAME=G_N_1
BASEFAMILY=41c803c9-2361-4d1c-8754-6553bf7ba98a.fam
OBJECTMODELPOINTER=756bfc4a-611b-4742-9329-91056c10e41d.dev
TRANSFORMMATRIX=1,0,0,0,0,1,0,0,0,0,1,0,85499.0227369808,72299.943887688,0,1
SUBDEVICES.NUM=1
SUBDEVICE0=f2cdbd6a-9e57-4ed3-8a30-9ffe857079ab.cbm
SUBLOGICALMODELS.NUM=0
