ENTITYNAME=F4System
SYSCLASSIFYNAME=P_K_8
BASEFAMILY=94cd0f18-20ae-4b92-b6c2-8a88b79be68e.fam
OBJECTMODELPOINTER=21615058-6beb-420e-ab28-9a1566ce78b5.dev
TRANSFORMMATRIX=-9.04985725572045E-15,-0.978455439052213,-0.206458116307258,0,1,0,0,0,0,-0.206458116307258,0.978455439052213,0,68999.5227349324,153999.610512963,26021.0710678119,1
SUBDEVICES.NUM=0
SUBLOGICALMODELS.NUM=0
