ENTITYNAME=F4System
SYSCLASSIFYNAME=P_K_4
BASEFAMILY=86faa2d8-1727-4914-8bb5-76f286a1b6b9.fam
OBJECTMODELPOINTER=21615058-6beb-420e-ab28-9a1566ce78b5.dev
TRANSFORMMATRIX=0.980061302896541,1.02725827118986E-13,-0.198695351140216,0,0,1,0,0,0.198695351140216,0,0.980061302896541,0,183899.522734931,142999.536788561,33120,1
SUBDEVICES.NUM=0
SUBLOGICALMODELS.NUM=0
