ENTITYNAME=F4System
SYSCLASSIFYNAME=G_S_2
BASEFAMILY=7ae16441-67f7-4eb8-887b-014131901653.fam
OBJECTMODELPOINTER=2c5dcb5c-e175-4045-ada3-4cbd98feab1c.dev
TRANSFORMMATRIX=1,0,0,0,0,1,0,0,0,0,1,0,238466.225081302,34499.6427467857,2816.01888640076,1
SUBDEVICES.NUM=0
SUBLOGICALMODELS.NUM=0
