ENTITYNAME=F4System
SYSCLASSIFYNAME=P_K_1
BASEFAMILY=1e88cd0f-d030-4104-9b16-4a98c203242c.fam
OBJECTMODELPOINTER=3865937e-64cb-4f8b-be64-e7d4675a9875.dev
TRANSFORMMATRIX=0.0473198635927201,-0.990666291148664,-0.127832429732507,0,0.99886116757302,0.047711297557944,0,0,0.00609905109252259,-0.127686850016308,0.991795780344262,0,94243.7821195279,89556.0864981205,18082.1937460108,1
SUBDEVICES.NUM=0
SUBLOGICALMODELS.NUM=0
