ENTITYNAME=F4System
SYSCLASSIFYNAME=G_J_2
BASEFAMILY=2eb240c0-3539-4109-8db4-19c9708e1867.fam
OBJECTMODELPOINTER=65576b45-87f1-456b-ad7e-f78ed76463fe.dev
TRANSFORMMATRIX=1,0,0,0,0,1,0,0,0,0,1,0,20999.9932746699,4999.53316666318,0,1
SUBDEVICES.NUM=0
SUBLOGICALMODELS.NUM=0
