ENTITYNAME=F4System
SYSCLASSIFYNAME=P_K_1
BASEFAMILY=392fa896-bc49-4820-a487-9dd251ae1fda.fam
OBJECTMODELPOINTER=21615058-6beb-420e-ab28-9a1566ce78b5.dev
TRANSFORMMATRIX=5.43237773603304E-14,0.978442028793516,-0.206521660584134,0,-1,0,0,0,0,0.206521660584134,0.978442028793516,0,107999.455737821,162999.610512965,26021.0710678119,1
SUBDEVICES.NUM=0
SUBLOGICALMODELS.NUM=0
