ENTITYNAME=F4System
SYSCLASSIFYNAME=P_H_0
BASEFAMILY=743d4114-7a19-49a7-82c9-e2844948abe1.fam
OBJECTMODELPOINTER=8e254d87-904c-46cc-a3f5-1c261bf23209.dev
TRANSFORMMATRIX=1,0,0,0,0,1,0,0,0,0,1,0,109299.35425626,91500.0639834773,6582,1
SUBDEVICES.NUM=0
SUBLOGICALMODELS.NUM=0
