ENTITYNAME=F4System
SYSCLASSIFYNAME=G_J_2
BASEFAMILY=5c3a13ca-ceac-48ed-a4fd-322dd3b93069.fam
OBJECTMODELPOINTER=0efb089a-affa-47c6-a483-8cabf0c58502.dev
TRANSFORMMATRIX=1,0,0,0,0,1,0,0,0,0,1,0,105129.522737055,93000.4436029865,0,1
SUBDEVICES.NUM=0
SUBLOGICALMODELS.NUM=0
