ENTITYNAME=F4System
SYSCLASSIFYNAME=G_S_7
BASEFAMILY=30468d2a-304a-4218-b4ab-3cab6be8d23d.fam
OBJECTMODELPOINTER=30468d2a-304a-4218-b4ab-3cab6be8d23d.dev
TRANSFORMMATRIX=6.12323399573677E-17,-1,0,0,1,6.12323399573677E-17,0,0,0,0,1,0,142000,40494.2928351904,2642.48245305371,1
SUBDEVICES.NUM=0
SUBLOGICALMODELS.NUM=0
