ENTITYNAME=F4System
SYSCLASSIFYNAME=P_K_1
BASEFAMILY=6d325e7e-a83e-40c3-8c47-3cef31c0d194.fam
OBJECTMODELPOINTER=21615058-6beb-420e-ab28-9a1566ce78b5.dev
TRANSFORMMATRIX=1.62897430602966E-13,0.978455439052219,-0.20645811630723,0,1,0,0,0,0,0.20645811630723,0.978455439052219,0,196502.263055386,128312.610512964,26021.0710678119,1
SUBDEVICES.NUM=0
SUBLOGICALMODELS.NUM=0
