ENTITYNAME=F4System
SYSCLASSIFYNAME=G_S_2
BASEFAMILY=3936ab09-3aac-4a88-a24a-d4ca9e81ce57.fam
OBJECTMODELPOINTER=794f5423-972f-45e6-951d-5a8ebce06ccf.dev
TRANSFORMMATRIX=1,0,0,0,0,1,0,0,0,0,1,0,78995.2451665954,81798.1260013811,0,1
SUBDEVICES.NUM=12
SUBDEVICE0=3f049218-5ace-4b47-a76e-0a9d8b3e49be.cbm
SUBDEVICE1=daf9985b-90b9-4e09-81ce-706d12eb4919.cbm
SUBDEVICE2=c487808b-b08e-46d7-a391-1a1139d124c2.cbm
SUBDEVICE3=4545686a-a744-4073-ada7-19fa4db0d018.cbm
SUBDEVICE4=0846e53b-8bd2-492a-9e4d-cb871176336d.cbm
SUBDEVICE5=d23d39d6-43bc-457e-9468-ffd43be751c1.cbm
SUBDEVICE6=1052341f-b099-4377-9313-a5ebf9435d6b.cbm
SUBDEVICE7=62a46027-f438-4a7b-920e-24572b94514d.cbm
SUBDEVICE8=6ee27ad3-649d-4232-8dc4-04453a88ed01.cbm
SUBDEVICE9=ee927d95-02c9-41cc-8417-f434429eed5f.cbm
SUBDEVICE10=36790510-1e0d-4fd5-b24e-2efe9aaaa6f4.cbm
SUBDEVICE11=3ed13d13-3a82-4692-b765-3bf289d5363a.cbm
SUBLOGICALMODELS.NUM=0
