ENTITYNAME=F4System
SYSCLASSIFYNAME=3_0_1
BASEFAMILY=7fe176e1-c4a2-406a-b26d-a0e5a73fde1a.fam
OBJECTMODELPOINTER=77c93bee-6b51-448c-bffc-3e5ae776b443.dev
TRANSFORMMATRIX=6.12323399573677E-17,0,-1,0,0,1,0,0,1,0,6.12323399573677E-17,0,33947.6175452812,15988.739299681,17900,1
SUBDEVICES.NUM=0
SUBLOGICALMODELS.NUM=0
