ENTITYNAME=F4System
SYSCLASSIFYNAME=G_J_2
BASEFAMILY=8eb10d8a-e3b6-45a1-8fa0-9f870c711841.fam
OBJECTMODELPOINTER=739f4188-27b8-42b9-9250-e4fc8d5ea6df.dev
TRANSFORMMATRIX=6.12323399573677E-17,1,0,0,-1,6.12323399573677E-17,0,0,0,0,1,0,245749.861214746,35000.0000000002,0,1
SUBDEVICES.NUM=0
SUBLOGICALMODELS.NUM=0
