ENTITYNAME=F4System
SYSCLASSIFYNAME=G_S_1
BASEFAMILY=4806e94e-2002-4558-80de-670a6297d21b.fam
OBJECTMODELPOINTER=7677bbe9-59b5-4df8-a375-e111555717d5.dev
TRANSFORMMATRIX=1,0,0,0,0,1,0,0,0,0,1,0,78997.8443882287,79299.4419139136,0,1
SUBDEVICES.NUM=4
SUBDEVICE0=1546a1ae-018c-40e4-9eb0-d1140f2b9b92.cbm
SUBDEVICE1=eeb5651d-3aee-4b92-b3e6-07814af8adb9.cbm
SUBDEVICE2=9c216c8d-4cdf-459e-8fcb-28190b8b3795.cbm
SUBDEVICE3=b6e553b1-799c-4135-b887-060c5c1cb45e.cbm
SUBLOGICALMODELS.NUM=0
