ENTITYNAME=F4System
SYSCLASSIFYNAME=P_K_1
BASEFAMILY=81397d59-0ab2-4dc7-b2c2-4aa9207c1b91.fam
OBJECTMODELPOINTER=53c7c2f2-18de-4212-a736-8f7474b072cd.dev
TRANSFORMMATRIX=-1.01172905038315E-13,-0.996492021981957,0.0836878134874502,0,1,0,0,0,0,0.0836878134874502,0.996492021981957,0,145000,27777.3993702131,16261.0883521683,1
SUBDEVICES.NUM=0
SUBLOGICALMODELS.NUM=0
