ENTITYNAME=F4System
SYSCLASSIFYNAME=3_0_5
BASEFAMILY=f3dfca7b-3ed0-4c80-8f06-d472255af005.fam
OBJECTMODELPOINTER=77c93bee-6b51-448c-bffc-3e5ae776b443.dev
TRANSFORMMATRIX=6.12323399573677E-17,0,-1,0,0,1,0,0,1,0,6.12323399573677E-17,0,41000,15988.739299681,17900,1
SUBDEVICES.NUM=0
SUBLOGICALMODELS.NUM=0
