ENTITYNAME=F4System
SYSCLASSIFYNAME=P_K_6
BASEFAMILY=21eef6cc-7945-46f3-815a-4f2c5ba8acb8.fam
OBJECTMODELPOINTER=7d2e69ca-7e99-4ddd-aa33-2bfb78029162.dev
TRANSFORMMATRIX=8.79064714692993E-15,-0.986678164442782,-0.162684356383221,0,1,0,0,0,0,-0.162684356383221,0.986678164442782,0,96000,15109.8050465256,17986.9852514893,1
SUBDEVICES.NUM=0
SUBLOGICALMODELS.NUM=0
