ENTITYNAME=F4System
SYSCLASSIFYNAME=P_K_1
BASEFAMILY=70616330-4c0b-494d-b22b-95422cf9748d.fam
OBJECTMODELPOINTER=3865937e-64cb-4f8b-be64-e7d4675a9875.dev
TRANSFORMMATRIX=-0.000289143053579849,-0.803392790311598,0.59544936045951,0,0.999999935235111,-0.0003599024515334,0,0,0.000214303684593373,0.595449321895298,0.803392842343246,0,77982.4528289373,49644.942419065,15536.8693605234,1
SUBDEVICES.NUM=0
SUBLOGICALMODELS.NUM=0
