ENTITYNAME=F4System
SYSCLASSIFYNAME=3_0_4
BASEFAMILY=7e3f8930-f013-44e9-b8b2-c55d3eb2f08e.fam
OBJECTMODELPOINTER=77c93bee-6b51-448c-bffc-3e5ae776b443.dev
TRANSFORMMATRIX=6.12323399573677E-17,0,-1,0,0,1,0,0,1,0,6.12323399573677E-17,0,37500,15988.739299681,17900,1
SUBDEVICES.NUM=0
SUBLOGICALMODELS.NUM=0
