ENTITYNAME=F4System
SYSCLASSIFYNAME=P_K_9
BASEFAMILY=0f18f699-67fb-4e0e-9483-25ae216bfe6f.fam
OBJECTMODELPOINTER=3865937e-64cb-4f8b-be64-e7d4675a9875.dev
TRANSFORMMATRIX=-7.14347554188649E-14,-0.999929884038402,0.0118417484751001,0,1,0,0,0,0,0.0118417484751001,0.999929884038402,0,185526.033787548,33993.6540696521,6772.74067596126,1
SUBDEVICES.NUM=0
SUBLOGICALMODELS.NUM=0
