ENTITYNAME=F4System
SYSCLASSIFYNAME=G_T_4
BASEFAMILY=28da6aec-bc10-4128-90c7-7737dcd24961.fam
OBJECTMODELPOINTER=28da6aec-bc10-4128-90c7-7737dcd24961.dev
TRANSFORMMATRIX=-1,1.22464679914735E-16,0,0,-1.22464679914735E-16,-1,0,0,0,0,1,0,200038.944193101,47000.4432405735,0,1
SUBDEVICES.NUM=0
SUBLOGICALMODELS.NUM=0
