ENTITYNAME=F4System
SYSCLASSIFYNAME=G_T_4
BASEFAMILY=49a93c79-6520-404c-b0bf-1f9b00dcb324.fam
OBJECTMODELPOINTER=49a93c79-6520-404c-b0bf-1f9b00dcb324.dev
TRANSFORMMATRIX=-1,1.22464679914735E-16,0,0,-1.22464679914735E-16,-1,0,0,0,0,1,0,116299.522736981,80200.443240527,0,1
SUBDEVICES.NUM=0
SUBLOGICALMODELS.NUM=0
