ENTITYNAME=F4System
SYSCLASSIFYNAME=P_K_5
BASEFAMILY=2cab2af0-e887-4555-9d1e-22e7e2446789.fam
OBJECTMODELPOINTER=878faf34-e1c0-44bf-9b6a-83b85c5c8040.dev
TRANSFORMMATRIX=8.79064714692993E-15,-0.986678164442782,-0.162684356383221,0,1,0,0,0,0,-0.162684356383221,0.986678164442782,0,16000,15188.739299681,18000,1
SUBDEVICES.NUM=0
SUBLOGICALMODELS.NUM=0
