ENTITYNAME=F4System
SYSCLASSIFYNAME=P_K_1
BASEFAMILY=5df76e5b-813d-466a-877c-a04e666cdf09.fam
OBJECTMODELPOINTER=21615058-6beb-420e-ab28-9a1566ce78b5.dev
TRANSFORMMATRIX=0.980061302896541,1.02725827118986E-13,-0.198695351140216,0,0,1,0,0,0.198695351140216,0,0.980061302896541,0,46899.522734931,166499.463631846,33120,1
SUBDEVICES.NUM=0
SUBLOGICALMODELS.NUM=0
