ENTITYNAME=F4System
SYSCLASSIFYNAME=G_T_1
BASEFAMILY=a3d91642-0118-4efb-9161-fa9872639a6d.fam
OBJECTMODELPOINTER=474e1f8c-ca5b-4d1a-99b9-2aed38f0f305.dev
TRANSFORMMATRIX=-1.83697019872103E-16,-1,0,0,1,-1.83697019872103E-16,0,0,0,0,1,0,116999.522736981,63750.4432405269,-1.45519152283669E-12,1
SUBDEVICES.NUM=2
SUBDEVICE0=17534640-02d7-43e7-8139-509ba6db86d6.cbm
SUBDEVICE1=624e5d63-aede-4729-b04f-8b414fd9296c.cbm
SUBLOGICALMODELS.NUM=0
