ENTITYNAME=F4System
SYSCLASSIFYNAME=G_J_2
BASEFAMILY=5d45ed5e-2b1d-4c88-9ae8-70a23fdfd1f9.fam
OBJECTMODELPOINTER=8d19c434-e3db-4ef3-a5a5-696fed9926b8.dev
TRANSFORMMATRIX=6.12323399573677E-17,1,0,0,-1,6.12323399573677E-17,0,0,0,0,1,0,223999.857354791,201251.000000001,0,1
SUBDEVICES.NUM=0
SUBLOGICALMODELS.NUM=0
