ENTITYNAME=F4System
SYSCLASSIFYNAME=P_K_9
BASEFAMILY=43bfa588-1ed8-4c78-ba86-3370947c958b.fam
OBJECTMODELPOINTER=43bfa588-1ed8-4c78-ba86-3370947c958b.dev
TRANSFORMMATRIX=6.12323399573677E-17,0,-1,0,0,1,0,0,1,0,6.12323399573677E-17,0,71013,51988.739299681,17820,1
SUBDEVICES.NUM=0
SUBLOGICALMODELS.NUM=0
