ENTITYNAME=F4System
SYSCLASSIFYNAME=G_J_2
BASEFAMILY=7bb89934-2510-4d75-966b-1b892ba9ff81.fam
OBJECTMODELPOINTER=71d34115-d33e-493a-bb52-f7b203661d8b.dev
TRANSFORMMATRIX=6.12323399573677E-17,1,0,0,-1,6.12323399573677E-17,0,0,0,0,1,0,234470.835210109,26213.948113604,0,1
SUBDEVICES.NUM=0
SUBLOGICALMODELS.NUM=0
