ENTITYNAME=F4System
SYSCLASSIFYNAME=4_4_2
BASEFAMILY=1cd233ed-b9b3-48f6-85f2-76b9c9146858.fam
OBJECTMODELPOINTER=ebc657b5-e35e-4bad-8815-d8faa8c71e50.dev
TRANSFORMMATRIX=0.17646702254841,-0.929467887475767,-0.323958077695608,0,-0.982450004440552,-0.186526107488362,0,0,0.0604266392219739,-0.318272614870603,0.946071436993934,0,16002.4077084393,15495.1651663428,7985.99999999999,1
SUBDEVICES.NUM=0
SUBLOGICALMODELS.NUM=0
