ENTITYNAME=F4System
SYSCLASSIFYNAME=P_K_1
BASEFAMILY=482766a8-a04a-4b9a-a8fd-4fbe7fda1387.fam
OBJECTMODELPOINTER=242a9ab8-72e9-445c-8431-1b550c6a2727.dev
TRANSFORMMATRIX=3.1689385867139E-15,-0.978851749832859,-0.20457089687722,0,1,0,0,0,0,-0.20457089687722,0.978851749832859,0,66000,48252.1840501825,17386.2873093683,1
SUBDEVICES.NUM=0
SUBLOGICALMODELS.NUM=0
