ENTITYNAME=F4System
SYSCLASSIFYNAME=2_5_5
BASEFAMILY=052c0f7f-d0b8-465a-a8e7-82b2389b490f.fam
OBJECTMODELPOINTER=54876b6a-2c7a-457a-80d8-685fe690d8fd.dev
TRANSFORMMATRIX=0.205410843211145,-0.960434748684488,-0.18807306827574,0,0.977885069433656,0.209142991703604,0,0,0.0393341641580644,-0.183913845429423,0.982155039181365,0,48699.5227369808,100950.443603033,20000,1
SUBDEVICES.NUM=0
SUBLOGICALMODELS.NUM=0
