ENTITYNAME=F4System
SYSCLASSIFYNAME=P_K_1
BASEFAMILY=987fd826-2a36-4afd-9322-71e0b61d9b2e.fam
OBJECTMODELPOINTER=3865937e-64cb-4f8b-be64-e7d4675a9875.dev
TRANSFORMMATRIX=0.0847354343283162,0.421017058159772,-0.903086121534199,0,-0.980341717720334,0.197307162812567,0,0,0.178185360415318,0.885332999634231,0.429459494122924,0,96461.3318753113,18280.9160084984,6689.176084032,1
SUBDEVICES.NUM=0
SUBLOGICALMODELS.NUM=0
