ENTITYNAME=F4System
SYSCLASSIFYNAME=P_K_2
BASEFAMILY=610f3260-d001-4cdc-812c-535d66b78929.fam
OBJECTMODELPOINTER=3865937e-64cb-4f8b-be64-e7d4675a9875.dev
TRANSFORMMATRIX=0,-3.50361390133461E-14,1,0,-1,0,0,0,0,-1,-3.50361390133461E-14,0,96292.8595335494,43993.0427171186,10290.7911549092,1
SUBDEVICES.NUM=0
SUBLOGICALMODELS.NUM=0
