ENTITYNAME=F4System
SYSCLASSIFYNAME=P_K_9
BASEFAMILY=85477974-ec5b-447d-9753-beaf54b8c189.fam
OBJECTMODELPOINTER=3865937e-64cb-4f8b-be64-e7d4675a9875.dev
TRANSFORMMATRIX=-0.127432142939646,-0.989971236104412,0.0609754100577631,0,0.991816740732983,-0.127669701972719,0,0,0.00778471242973897,0.0604764324683478,0.99813926852333,0,100675.418162701,61920.1102758409,17150.2573766736,1
SUBDEVICES.NUM=0
SUBLOGICALMODELS.NUM=0
