ENTITYNAME=F4System
SYSCLASSIFYNAME=G_T_4
BASEFAMILY=955e79fe-187c-40c3-8c79-8c5b22040393.fam
OBJECTMODELPOINTER=955e79fe-187c-40c3-8c79-8c5b22040393.dev
TRANSFORMMATRIX=-1,1.22464679914735E-16,0,0,-1.22464679914735E-16,-1,0,0,0,0,1,0,114699.522736981,80200.443240527,0,1
SUBDEVICES.NUM=0
SUBLOGICALMODELS.NUM=0
