ENTITYNAME=F4System
SYSCLASSIFYNAME=G_J_2
BASEFAMILY=606a012c-2ec5-42e1-893f-0455c0426219.fam
OBJECTMODELPOINTER=739f4188-27b8-42b9-9250-e4fc8d5ea6df.dev
TRANSFORMMATRIX=6.12323399573677E-17,1,0,0,-1,6.12323399573677E-17,0,0,0,0,1,0,245749.862823303,85999.0000000003,0,1
SUBDEVICES.NUM=0
SUBLOGICALMODELS.NUM=0
