ENTITYNAME=F4System
SYSCLASSIFYNAME=P_K_3
BASEFAMILY=0be0dfd8-e2f2-4e1b-b318-6ab764305f56.fam
OBJECTMODELPOINTER=54876b6a-2c7a-457a-80d8-685fe690d8fd.dev
TRANSFORMMATRIX=5.70408945608502E-15,-0.978851749832859,-0.20457089687722,0,1,0,0,0,0,-0.20457089687722,0.978851749832859,0,152000,51188.739299681,18000,1
SUBDEVICES.NUM=0
SUBLOGICALMODELS.NUM=0
