ENTITYNAME=F4System
SYSCLASSIFYNAME=P_K_2
BASEFAMILY=04592962-e12b-420a-832b-e06940c2132c.fam
OBJECTMODELPOINTER=878faf34-e1c0-44bf-9b6a-83b85c5c8040.dev
TRANSFORMMATRIX=-2.90486037115441E-14,-0.978851749832859,-0.20457089687722,0,1,0,0,0,0,-0.20457089687722,0.978851749832859,0,148500,51188.739299681,18000,1
SUBDEVICES.NUM=0
SUBLOGICALMODELS.NUM=0
