ENTITYNAME=F4System
SYSCLASSIFYNAME=P_K_1
BASEFAMILY=26d09c03-6433-4462-842b-e1f678f46af6.fam
OBJECTMODELPOINTER=3865937e-64cb-4f8b-be64-e7d4675a9875.dev
TRANSFORMMATRIX=-0.291829818532676,-0.956154949951827,0.0245574570712216,0,0.956443393982345,-0.291917855068053,0,0,0.0071687601941568,0.0234878175887749,0.999698420175902,0,107375.897503953,67125.9858494826,16923.0816432315,1
SUBDEVICES.NUM=0
SUBLOGICALMODELS.NUM=0
