ENTITYNAME=F4System
SYSCLASSIFYNAME=G_J_2
BASEFAMILY=42e9918b-b618-4d92-80c0-e8678e0879a9.fam
OBJECTMODELPOINTER=739f4188-27b8-42b9-9250-e4fc8d5ea6df.dev
TRANSFORMMATRIX=6.12323399573677E-17,1,0,0,-1,6.12323399573677E-17,0,0,0,0,1,0,245749.862823303,115999,0,1
SUBDEVICES.NUM=0
SUBLOGICALMODELS.NUM=0
