ENTITYNAME=F4System
SYSCLASSIFYNAME=P_K_1
BASEFAMILY=24389e63-7932-4a8b-8d1a-0f7bf59f8ab7.fam
OBJECTMODELPOINTER=3865937e-64cb-4f8b-be64-e7d4675a9875.dev
TRANSFORMMATRIX=2.61277879718734E-14,0.273207877156456,-0.961955017586406,0,-1,0,0,0,0,0.961955017586406,0.273207877156456,0,210500,16954.0322495088,10448.220830468,1
SUBDEVICES.NUM=0
SUBLOGICALMODELS.NUM=0
