ENTITYNAME=F4System
SYSCLASSIFYNAME=G_J_2
BASEFAMILY=2f543d56-d0df-4d69-94e0-b81afb500025.fam
OBJECTMODELPOINTER=65576b45-87f1-456b-ad7e-f78ed76463fe.dev
TRANSFORMMATRIX=1,0,0,0,0,1,0,0,0,0,1,0,15500,33500.1706479003,-2.27373675443232E-13,1
SUBDEVICES.NUM=0
SUBLOGICALMODELS.NUM=0
