ENTITYNAME=F4System
SYSCLASSIFYNAME=P_K_4
BASEFAMILY=28dcd3da-97f2-4379-b273-49d311614a33.fam
OBJECTMODELPOINTER=878faf34-e1c0-44bf-9b6a-83b85c5c8040.dev
TRANSFORMMATRIX=-1.64784806509123E-14,-0.978851749832859,-0.20457089687722,0,1,0,0,0,0,-0.20457089687722,0.978851749832859,0,189000,51188.739299681,18000,1
SUBDEVICES.NUM=0
SUBLOGICALMODELS.NUM=0
