ENTITYNAME=F4System
SYSCLASSIFYNAME=G_T_4
BASEFAMILY=dc847982-f192-49fb-b222-a4c290c675ff.fam
OBJECTMODELPOINTER=39d0daab-9738-4566-97ec-8a830b155f50.dev
TRANSFORMMATRIX=6.12323399573677E-17,1,0,0,-1,6.12323399573677E-17,0,0,0,0,1,0,183019.509411978,140999.610512941,0,1
SUBDEVICES.NUM=1
SUBDEVICE0=7c77b296-763a-480b-bbc6-e0c07a7f0789.cbm
SUBLOGICALMODELS.NUM=0
