ENTITYNAME=F4System
SYSCLASSIFYNAME=2_7_0
BASEFAMILY=9888f721-41fd-4004-a1a0-500eaafc604a.fam
OBJECTMODELPOINTER=54876b6a-2c7a-457a-80d8-685fe690d8fd.dev
TRANSFORMMATRIX=-0.301039430130408,0.94758952733027,-0.107001631766783,0,0.953061199430145,0.302777723983739,0,0,-0.0323977105288929,0.101979103512633,0.994258844969078,0,145000,52788.739299681,18000,1
SUBDEVICES.NUM=0
SUBLOGICALMODELS.NUM=0
