ENTITYNAME=F4System
SYSCLASSIFYNAME=&HGI
BASEFAMILY=918a8963-0265-46ba-bb76-5526e41131f1.fam
OBJECTMODELPOINTER=3dced576-71e4-415f-be5b-84af82f4692a.dev
TRANSFORMMATRIX=-1,1.22464679914735E-16,0,0,-1.22464679914735E-16,-1,0,0,0,0,1,0,49500,29928.0427171186,0,1
SUBDEVICES.NUM=12
SUBDEVICE0=298e4cfd-7d22-4a44-a2b8-4c73d8d8001b.cbm
SUBDEVICE1=a91a161c-246e-4b34-9036-e6dc86585cae.cbm
SUBDEVICE2=eb0d9e50-9a87-4151-a2f0-6b588e78175a.cbm
SUBDEVICE3=84e95be0-b69e-4cfe-87d2-2a667dae1e63.cbm
SUBDEVICE4=936274ed-70d9-4b2a-bd6a-dc6cd2290970.cbm
SUBDEVICE5=950f214f-b15d-40e3-b86d-cb6e2e662981.cbm
SUBDEVICE6=f876265b-f85e-4cd2-9fb6-5a5cc466b016.cbm
SUBDEVICE7=2b064488-9f75-4186-ac43-455bf34a1da4.cbm
SUBDEVICE8=3cdcd209-696b-4149-9443-7dcd5f118436.cbm
SUBDEVICE9=bb5502cf-ac4a-4014-b03d-ec2efac7d82e.cbm
SUBDEVICE10=e4fd808c-9d55-4557-bfce-883264c9ad36.cbm
SUBDEVICE11=28a062c1-4b1a-4761-9b5a-f29d68638afd.cbm
SUBLOGICALMODELS.NUM=0
