ENTITYNAME=F4System
SYSCLASSIFYNAME=P_K_1
BASEFAMILY=15ffa4d8-814f-4996-a650-1f249f39169e.fam
OBJECTMODELPOINTER=3865937e-64cb-4f8b-be64-e7d4675a9875.dev
TRANSFORMMATRIX=-0.291556720267561,-0.955260167303119,0.0497261664603393,0,0.956443393982345,-0.291917855068053,0,0,0.0145159558538592,0.047560263419058,0.99876288896272,0,106209.032154846,63302.853295429,17071.684238057,1
SUBDEVICES.NUM=0
SUBLOGICALMODELS.NUM=0
