ENTITYNAME=F4System
SYSCLASSIFYNAME=1_0_9
BASEFAMILY=c7711f70-0b3e-4f0b-9791-41380e3855df.fam
OBJECTMODELPOINTER=54876b6a-2c7a-457a-80d8-685fe690d8fd.dev
TRANSFORMMATRIX=-3.38020115916149E-15,-0.978851749832859,-0.20457089687722,0,1,0,0,0,0,-0.20457089687722,0.978851749832859,0,84000,51188.739299681,18000,1
SUBDEVICES.NUM=0
SUBLOGICALMODELS.NUM=0
