ENTITYNAME=F4System
SYSCLASSIFYNAME=P_K_1
BASEFAMILY=9f8d45b2-af02-4f5e-bcf9-99b3fd965a12.fam
OBJECTMODELPOINTER=3865937e-64cb-4f8b-be64-e7d4675a9875.dev
TRANSFORMMATRIX=-0.10829815749754,-0.151085783530403,0.982570402107474,0,0.812766150409738,-0.582590065782224,0,0,0.572435755199459,0.798599963227439,0.18589084136223,0,94701.8327530537,98615.780408261,9781.69628085287,1
SUBDEVICES.NUM=0
SUBLOGICALMODELS.NUM=0
