ENTITYNAME=F4System
SYSCLASSIFYNAME=P_K_1
BASEFAMILY=724d2488-1575-40ce-b3d1-306f6d063235.fam
OBJECTMODELPOINTER=3865937e-64cb-4f8b-be64-e7d4675a9875.dev
TRANSFORMMATRIX=-0.000289143054346685,-0.80339279031171,0.595449360459359,0,0.999999935235111,-0.000359902451551388,0,0,0.00021430368460403,0.595449321895147,0.803392842343359,0,74482.4528289373,49644.942419065,15536.8693605234,1
SUBDEVICES.NUM=0
SUBLOGICALMODELS.NUM=0
