ENTITYNAME=F4System
SYSCLASSIFYNAME=G_J_2
BASEFAMILY=830b2e65-de69-41a7-a64a-e794e658559a.fam
OBJECTMODELPOINTER=739f4188-27b8-42b9-9250-e4fc8d5ea6df.dev
TRANSFORMMATRIX=1,0,0,0,0,1,0,0,0,0,1,0,229800.929354566,42483.0477316299,0,1
SUBDEVICES.NUM=0
SUBLOGICALMODELS.NUM=0
