ENTITYNAME=F4System
SYSCLASSIFYNAME=G_J_1
BASEFAMILY=2a327466-0f8f-4113-9e8f-d8958958804f.fam
OBJECTMODELPOINTER=347de0dc-b7d8-4585-8516-fcd310d40749.dev
TRANSFORMMATRIX=6.12323399573677E-17,1,0,0,-1,6.12323399573677E-17,0,0,0,0,1,0,46084.8282903604,169498.458837568,20085.0000000016,1
SUBDEVICES.NUM=0
SUBLOGICALMODELS.NUM=0
