ENTITYNAME=F4System
SYSCLASSIFYNAME=P_K_1
BASEFAMILY=389682ec-1a4c-45cf-86c0-a769cf0b07dd.fam
OBJECTMODELPOINTER=3865937e-64cb-4f8b-be64-e7d4675a9875.dev
TRANSFORMMATRIX=2.61277879718734E-14,0.273207877156456,-0.961955017586406,0,-1,0,0,0,0,0.961955017586406,0.273207877156456,0,24500,16954.0322495088,10448.220830468,1
SUBDEVICES.NUM=0
SUBLOGICALMODELS.NUM=0
