ENTITYNAME=F4System
SYSCLASSIFYNAME=P_K_3
BASEFAMILY=14feaaf2-3782-4a18-a4ae-e23cdb440e29.fam
OBJECTMODELPOINTER=4341f697-acf0-406b-93e5-bcaf53691342.dev
TRANSFORMMATRIX=2.74641344181871E-15,-0.978851749832859,-0.20457089687722,0,1,0,0,0,0,-0.20457089687722,0.978851749832859,0,185500,51188.739299681,18000,1
SUBDEVICES.NUM=0
SUBLOGICALMODELS.NUM=0
