ENTITYNAME=F4System
SYSCLASSIFYNAME=P_K_9
BASEFAMILY=615b844e-1b50-4ced-a2fe-a16900b9e950.fam
OBJECTMODELPOINTER=53c7c2f2-18de-4212-a736-8f7474b072cd.dev
TRANSFORMMATRIX=8.49147014285827E-15,-0.999709809985136,-0.0240893299924233,0,1,0,0,0,0,-0.0240893299924233,0.999709809985136,0,59000,35770.903312122,16021.7384660666,1
SUBDEVICES.NUM=0
SUBLOGICALMODELS.NUM=0
