ENTITYNAME=F4System
SYSCLASSIFYNAME=P_K_3
BASEFAMILY=8ca52fe3-5a30-4c5f-b601-93d46841353a.fam
OBJECTMODELPOINTER=21615058-6beb-420e-ab28-9a1566ce78b5.dev
TRANSFORMMATRIX=3.61994290228818E-14,-0.978455439052213,-0.206458116307258,0,1,0,0,0,0,-0.206458116307258,0.978455439052213,0,177002.263055386,153999.610512963,26021.0710678119,1
SUBDEVICES.NUM=0
SUBLOGICALMODELS.NUM=0
