ENTITYNAME=F4System
SYSCLASSIFYNAME=P_K_1
BASEFAMILY=9307bb49-6825-4265-817b-829a90e4cc58.fam
OBJECTMODELPOINTER=7d2e69ca-7e99-4ddd-aa33-2bfb78029162.dev
TRANSFORMMATRIX=3.1689385867139E-15,-0.978851749832859,-0.20457089687722,0,1,0,0,0,0,-0.20457089687722,0.978851749832859,0,66000,51110.4311596944,17983.6343282498,1
SUBDEVICES.NUM=0
SUBLOGICALMODELS.NUM=0
