ENTITYNAME=F4System
SYSCLASSIFYNAME=2_7_9
BASEFAMILY=c2de59bd-1307-44ab-acb0-669f9e5685a9.fam
OBJECTMODELPOINTER=54876b6a-2c7a-457a-80d8-685fe690d8fd.dev
TRANSFORMMATRIX=-0.134233667479079,-0.972506990459893,-0.19029313183023,0,0.990608057967634,-0.136732130421466,0,0,-0.0260191853197201,-0.188505909766923,0.981727316508124,0,72647.6871262652,100950.443603033,20000,1
SUBDEVICES.NUM=0
SUBLOGICALMODELS.NUM=0
