ENTITYNAME=F4System
SYSCLASSIFYNAME=P_K_4
BASEFAMILY=693c4f66-40fc-4792-9a2d-f90d6e61cb0c.fam
OBJECTMODELPOINTER=2e7f4cc2-bb6b-4c26-97d5-f5eb080247cb.dev
TRANSFORMMATRIX=1.43635669611796E-14,0.978695853869386,-0.205315429568443,0,1,0,0,0,0,0.205315429568443,0.978695853869386,0,157000,16869.7040685749,17996.2978117348,1
SUBDEVICES.NUM=0
SUBLOGICALMODELS.NUM=0
