ENTITYNAME=F4System
SYSCLASSIFYNAME=P_K_1
BASEFAMILY=877341d0-587e-4320-921a-768cfdd39e17.fam
OBJECTMODELPOINTER=43bfa588-1ed8-4c78-ba86-3370947c958b.dev
TRANSFORMMATRIX=3.74939945665465E-33,6.12323399573677E-17,-1,0,-1,6.12323399573677E-17,0,0,6.12323399573677E-17,1,6.12323399573677E-17,0,16000,16001.739299681,17820,1
SUBDEVICES.NUM=0
SUBLOGICALMODELS.NUM=0
