ENTITYNAME=F4System
SYSCLASSIFYNAME=P_K_4
BASEFAMILY=12e21c36-28e9-4dc2-a108-70a2b8e08139.fam
OBJECTMODELPOINTER=21615058-6beb-420e-ab28-9a1566ce78b5.dev
TRANSFORMMATRIX=-0.977902298304746,-1.01414878401107E-13,-0.20906241883776,0,0,1,0,0,-0.20906241883776,0,0.977902298304746,0,101099.522734931,142999.536788561,33120,1
SUBDEVICES.NUM=0
SUBLOGICALMODELS.NUM=0
