ENTITYNAME=F4System
SYSCLASSIFYNAME=P_K_1
BASEFAMILY=2d26a9a9-e80d-43b4-8c70-7a425a8ff476.fam
OBJECTMODELPOINTER=53c7c2f2-18de-4212-a736-8f7474b072cd.dev
TRANSFORMMATRIX=1.27351780217378E-14,-0.999550700962046,0.0299732581859645,0,1,0,0,0,0,0.0299732581859645,0.999550700962046,0,145000,31770.9206604664,16033.5192323538,1
SUBDEVICES.NUM=0
SUBLOGICALMODELS.NUM=0
