ENTITYNAME=F4System
SYSCLASSIFYNAME=G_T_4
BASEFAMILY=542c57f2-bdbd-4256-869e-400c003c567e.fam
OBJECTMODELPOINTER=6bedf1dc-b246-4115-b7a3-c9cce4846bca.dev
TRANSFORMMATRIX=1,0,0,0,0,1,0,0,0,0,1,0,105000.000000237,5000.00000000019,0,1
SUBDEVICES.NUM=0
SUBLOGICALMODELS.NUM=0
