ENTITYNAME=F4System
SYSCLASSIFYNAME=P_K_1
BASEFAMILY=84b045c0-3c16-4297-adcd-977de3732cee.fam
OBJECTMODELPOINTER=21615058-6beb-420e-ab28-9a1566ce78b5.dev
TRANSFORMMATRIX=0.980061302896541,1.02725827118986E-13,-0.198695351140216,0,0,1,0,0,0.198695351140216,0,0.980061302896541,0,46899.522734931,181499.610512964,33120,1
SUBDEVICES.NUM=0
SUBLOGICALMODELS.NUM=0
