ENTITYNAME=F4System
SYSCLASSIFYNAME=G_J_2
BASEFAMILY=259ecdec-4362-44a4-a14d-1f05b5e6f25a.fam
OBJECTMODELPOINTER=8d19c434-e3db-4ef3-a5a5-696fed9926b8.dev
TRANSFORMMATRIX=6.12323399573677E-17,1,0,0,-1,6.12323399573677E-17,0,0,0,0,1,0,223999.857354791,123535.52052939,0,1
SUBDEVICES.NUM=0
SUBLOGICALMODELS.NUM=0
