ENTITYNAME=F4System
SYSCLASSIFYNAME=P_K_3
BASEFAMILY=4ca83c12-c780-444f-9d18-bcfdcc21f572.fam
OBJECTMODELPOINTER=21615058-6beb-420e-ab28-9a1566ce78b5.dev
TRANSFORMMATRIX=-7.23988580457636E-14,-0.978455439052213,-0.206458116307258,0,1,0,0,0,0,-0.206458116307258,0.978455439052213,0,169502.263055386,153999.610512963,26021.0710678119,1
SUBDEVICES.NUM=0
SUBLOGICALMODELS.NUM=0
