ENTITYNAME=F4System
SYSCLASSIFYNAME=P_K_2
BASEFAMILY=1d60f9a6-9da9-4520-99c9-7508d03e370d.fam
OBJECTMODELPOINTER=53c7c2f2-18de-4212-a736-8f7474b072cd.dev
TRANSFORMMATRIX=-1.01052021973397E-13,-0.991413500705821,-0.130764179415576,0,1,0,0,0,0,-0.130764179415576,0.991413500705821,0,148500,43743.8200028289,16643.598194012,1
SUBDEVICES.NUM=0
SUBLOGICALMODELS.NUM=0
