ENTITYNAME=F4System
SYSCLASSIFYNAME=G_S_7
BASEFAMILY=0bb74a0f-bec4-4770-86f5-b2f226b8201e.fam
OBJECTMODELPOINTER=376aef1f-6dab-4885-878b-50bfceabeab7.dev
TRANSFORMMATRIX=6.12323399573677E-17,1,0,0,-1,6.12323399573677E-17,0,0,0,0,1,0,101988.416991453,140685.005164464,870.900476795228,1
SUBDEVICES.NUM=0
SUBLOGICALMODELS.NUM=0
