ENTITYNAME=F4System
SYSCLASSIFYNAME=P_K_1
BASEFAMILY=59f0c7e4-ad9f-44d3-a7fb-d5b80c65d6ed.fam
OBJECTMODELPOINTER=54876b6a-2c7a-457a-80d8-685fe690d8fd.dev
TRANSFORMMATRIX=8.79064714692993E-15,-0.986678164442782,-0.162684356383221,0,1,0,0,0,0,-0.162684356383221,0.986678164442782,0,21000,15188.739299681,17999.9999999999,1
SUBDEVICES.NUM=0
SUBLOGICALMODELS.NUM=0
