ENTITYNAME=F4System
SYSCLASSIFYNAME=G_J_1
BASEFAMILY=1c764775-1c78-4d2d-ab05-a5a59111b498.fam
OBJECTMODELPOINTER=347de0dc-b7d8-4585-8516-fcd310d40749.dev
TRANSFORMMATRIX=-1.83697019872103E-16,1,0,0,1,1.83697019872103E-16,0,0,0,0,1,0,101919.178733099,169500.762188283,20085.0000000016,1
SUBDEVICES.NUM=0
SUBLOGICALMODELS.NUM=0
