ENTITYNAME=F4System
SYSCLASSIFYNAME=G_J_2
BASEFAMILY=2b53847c-cda4-4b6d-a20e-8b1c49cb2b68.fam
OBJECTMODELPOINTER=65576b45-87f1-456b-ad7e-f78ed76463fe.dev
TRANSFORMMATRIX=1,0,0,0,0,1,0,0,0,0,1,0,40500,33500.1706479003,-2.27373675443232E-13,1
SUBDEVICES.NUM=0
SUBLOGICALMODELS.NUM=0
