ENTITYNAME=F4System
SYSCLASSIFYNAME=G_T_4
BASEFAMILY=855ad148-cfdf-40c0-b573-f2f8d79772b8.fam
OBJECTMODELPOINTER=855ad148-cfdf-40c0-b573-f2f8d79772b8.dev
TRANSFORMMATRIX=1,0,0,0,0,-1,0,0,0,0,1,0,17688.9441931015,50900.4432405735,0,1
SUBDEVICES.NUM=0
SUBLOGICALMODELS.NUM=0
