ENTITYNAME=F4System
SYSCLASSIFYNAME=P_K_1
BASEFAMILY=1483a287-0ff1-418e-9ca2-84aba5e0fc85.fam
OBJECTMODELPOINTER=53c7c2f2-18de-4212-a736-8f7474b072cd.dev
TRANSFORMMATRIX=1.03678951566869E-14,-0.982583751803003,0.185820264483546,0,1,0,0,0,0,0.185820264483546,0.982583751803003,0,24500,-4263.1737191367,17893.5213536601,1
SUBDEVICES.NUM=0
SUBLOGICALMODELS.NUM=0
