ENTITYNAME=F4System
SYSCLASSIFYNAME=P_K_1
BASEFAMILY=0c4e0274-fa89-416c-9338-3bff74f5c2cb.fam
OBJECTMODELPOINTER=878faf34-e1c0-44bf-9b6a-83b85c5c8040.dev
TRANSFORMMATRIX=-7.71108389433715E-15,-0.978851749832859,-0.20457089687722,0,1,0,0,0,0,-0.20457089687722,0.978851749832859,0,145000,51188.739299681,18000,1
SUBDEVICES.NUM=0
SUBLOGICALMODELS.NUM=0
