ENTITYNAME=F4System
SYSCLASSIFYNAME=G_J_2
BASEFAMILY=0efb089a-affa-47c6-a483-8cabf0c58502.fam
OBJECTMODELPOINTER=0efb089a-affa-47c6-a483-8cabf0c58502.dev
TRANSFORMMATRIX=1,0,0,0,0,1,0,0,0,0,1,0,90129.522736869,97750.4436029865,0,1
SUBDEVICES.NUM=0
SUBLOGICALMODELS.NUM=0
