ENTITYNAME=F4System
SYSCLASSIFYNAME=P_H_1
BASEFAMILY=273901cf-fc10-43e2-b3ca-b2e7e801f6f4.fam
OBJECTMODELPOINTER=8e254d87-904c-46cc-a3f5-1c261bf23209.dev
TRANSFORMMATRIX=1,0,0,0,0,1,0,0,0,0,1,0,118799.35425626,93000.0639834773,6582,1
SUBDEVICES.NUM=0
SUBLOGICALMODELS.NUM=0
