ENTITYNAME=F4System
SYSCLASSIFYNAME=P_K_1
BASEFAMILY=4890e8d5-7680-44b3-b103-f81e1c08de44.fam
OBJECTMODELPOINTER=3865937e-64cb-4f8b-be64-e7d4675a9875.dev
TRANSFORMMATRIX=2.90499297573139E-14,-0.876249657630952,-0.481857382948151,0,1,0,0,0,0,-0.481857382948151,0.876249657630952,0,71500,30929.0421815285,7605.12198698789,1
SUBDEVICES.NUM=0
SUBLOGICALMODELS.NUM=0
