ENTITYNAME=F4System
SYSCLASSIFYNAME=P_K_1
BASEFAMILY=21aa6fc9-cf3a-4149-aed9-1bace30c9d5d.fam
OBJECTMODELPOINTER=53c7c2f2-18de-4212-a736-8f7474b072cd.dev
TRANSFORMMATRIX=-1.06632131807472E-14,-0.994013286481371,0.10925926184312,0,1,0,0,0,0,0.10925926184312,0.994013286481371,0,21000,-307.125963342509,17302.1786832263,1
SUBDEVICES.NUM=0
SUBLOGICALMODELS.NUM=0
