ENTITYNAME=F4System
SYSCLASSIFYNAME=G_T_4
BASEFAMILY=a198d399-4849-4fcd-bcbc-34f161016f66.fam
OBJECTMODELPOINTER=39d0daab-9738-4566-97ec-8a830b155f50.dev
TRANSFORMMATRIX=6.12323399573677E-17,1,0,0,-1,6.12323399573677E-17,0,0,0,0,1,0,183019.509411978,175999.610512964,0,1
SUBDEVICES.NUM=1
SUBDEVICE0=15c3622d-fdb6-4129-a50f-09f7151f5b23.cbm
SUBLOGICALMODELS.NUM=0
