ENTITYNAME=F4System
SYSCLASSIFYNAME=G_Y_1
BASEFAMILY=0bc0937f-1aa1-4d6b-ad5e-929d9636722b.fam
OBJECTMODELPOINTER=0c73ef3c-e469-4e9e-b284-d2303d709a88.dev
TRANSFORMMATRIX=-1,1.22464679914735E-16,0,0,-1.22464679914735E-16,-1,0,0,0,0,1,0,83999.0227369808,68249.943887688,0,1
SUBDEVICES.NUM=0
SUBLOGICALMODELS.NUM=0
