ENTITYNAME=F4System
SYSCLASSIFYNAME=5_7_1
BASEFAMILY=c8712946-53a6-48c2-bbe7-1f72e4c706eb.fam
OBJECTMODELPOINTER=54876b6a-2c7a-457a-80d8-685fe690d8fd.dev
TRANSFORMMATRIX=8.55613418412753E-15,-0.978851749832859,-0.20457089687722,0,1,0,0,0,0,-0.20457089687722,0.978851749832859,0,62499.9999999999,51188.739299681,18000,1
SUBDEVICES.NUM=0
SUBLOGICALMODELS.NUM=0
