ENTITYNAME=F4System
SYSCLASSIFYNAME=P_K_2
BASEFAMILY=3e237f2c-a2dc-49cc-a60e-46e559f7782f.fam
OBJECTMODELPOINTER=3865937e-64cb-4f8b-be64-e7d4675a9875.dev
TRANSFORMMATRIX=0.0351398323837736,-0.245676383963318,0.968714770478261,0,-0.989925105785575,-0.141591966351977,-1.87355908565207E-12,0,0.137162229186681,-0.958955071641675,-0.248176738348402,0,96194.7415520759,50677.5269611171,10258.96856371,1
SUBDEVICES.NUM=0
SUBLOGICALMODELS.NUM=0
