ENTITYNAME=F4System
SYSCLASSIFYNAME=P_K_2
BASEFAMILY=86332631-64da-4a42-8e2e-17043844c4b0.fam
OBJECTMODELPOINTER=4341f697-acf0-406b-93e5-bcaf53691342.dev
TRANSFORMMATRIX=1.05631286223797E-16,-0.978851749832859,-0.20457089687722,0,1,0,0,0,0,-0.20457089687722,0.978851749832859,0,99500,51188.739299681,18000,1
SUBDEVICES.NUM=0
SUBLOGICALMODELS.NUM=0
