ENTITYNAME=F4System
SYSCLASSIFYNAME=G_S_2
BASEFAMILY=4ff8192b-40a7-4d7f-ab78-fb33dde9553d.fam
OBJECTMODELPOINTER=2c5dcb5c-e175-4045-ada3-4cbd98feab1c.dev
TRANSFORMMATRIX=1,0,0,0,0,1,0,0,0,0,1,0,237551.447803475,34499.6427467857,2816.01888640076,1
SUBDEVICES.NUM=0
SUBLOGICALMODELS.NUM=0
