ENTITYNAME=F4System
SYSCLASSIFYNAME=P_K_4
BASEFAMILY=33abcb24-e9c9-4303-84b1-45780fa95405.fam
OBJECTMODELPOINTER=21615058-6beb-420e-ab28-9a1566ce78b5.dev
TRANSFORMMATRIX=-0.977902298304746,-1.01414878401107E-13,-0.20906241883776,0,0,1,0,0,-0.20906241883776,0,0.977902298304746,0,101099.522734931,150499.610512988,33120,1
SUBDEVICES.NUM=0
SUBLOGICALMODELS.NUM=0
