ENTITYNAME=F4System
SYSCLASSIFYNAME=G_J_1
BASEFAMILY=8d26cc22-05fb-44fe-a1fe-892b7d762594.fam
OBJECTMODELPOINTER=347de0dc-b7d8-4585-8516-fcd310d40749.dev
TRANSFORMMATRIX=-1.83697019872103E-16,1,0,0,1,1.83697019872103E-16,0,0,0,0,1,0,128939.982019146,141000.762188281,20085.0000000016,1
SUBDEVICES.NUM=0
SUBLOGICALMODELS.NUM=0
