ENTITYNAME=F4System
SYSCLASSIFYNAME=P_K_7
BASEFAMILY=63d491cf-8a59-474c-86e8-dd05d6d9c5fb.fam
OBJECTMODELPOINTER=4341f697-acf0-406b-93e5-bcaf53691342.dev
TRANSFORMMATRIX=8.79064714692993E-15,-0.986678164442782,-0.162684356383221,0,1,0,0,0,0,-0.162684356383221,0.986678164442782,0,207000,15188.739299681,18000,1
SUBDEVICES.NUM=0
SUBLOGICALMODELS.NUM=0
