ENTITYNAME=F4System
SYSCLASSIFYNAME=G_S_1
BASEFAMILY=59f39579-4402-4783-ba8e-49391db2d3f5.fam
OBJECTMODELPOINTER=7677bbe9-59b5-4df8-a375-e111555717d5.dev
TRANSFORMMATRIX=1,0,0,0,0,1,0,0,0,0,1,0,49499.5228892401,78792.4086650949,0,1
SUBDEVICES.NUM=4
SUBDEVICE0=54e6cf95-5755-466b-be94-8d6da91d57ef.cbm
SUBDEVICE1=5537b550-fe16-4625-8dcc-2355e5df86d8.cbm
SUBDEVICE2=c379a29e-8f34-4090-a2da-df8c96013f7a.cbm
SUBDEVICE3=c6c99a09-bafa-4253-95f8-5f14acd2d441.cbm
SUBLOGICALMODELS.NUM=0
