ENTITYNAME=F4System
SYSCLASSIFYNAME=P_K_4
BASEFAMILY=2c040b15-a1cc-4f07-bd75-5c64100546ab.fam
OBJECTMODELPOINTER=2e7f4cc2-bb6b-4c26-97d5-f5eb080247cb.dev
TRANSFORMMATRIX=5.0694942215928E-15,0.978695853869386,-0.205315429568443,0,1,0,0,0,0,0.205315429568443,0.978695853869386,0,160500,16869.7040685749,17996.2978117348,1
SUBDEVICES.NUM=0
SUBLOGICALMODELS.NUM=0
