ENTITYNAME=F4System
SYSCLASSIFYNAME=P_K_1
BASEFAMILY=992a1395-ddf4-494f-9f01-3715169851fb.fam
OBJECTMODELPOINTER=878faf34-e1c0-44bf-9b6a-83b85c5c8040.dev
TRANSFORMMATRIX=0.0468261448486431,-0.98033002895413,-0.191729878968846,0,0.99886116757302,0.047711297557944,0,0,0.00914768130623119,-0.191511530765455,0.98144773345838,0,93699.5227369804,100950.443603033,20000,1
SUBDEVICES.NUM=0
SUBLOGICALMODELS.NUM=0
