ENTITYNAME=F4System
SYSCLASSIFYNAME=P_K_3
BASEFAMILY=01429026-0588-4f0c-be52-4c47569cc46a.fam
OBJECTMODELPOINTER=878faf34-e1c0-44bf-9b6a-83b85c5c8040.dev
TRANSFORMMATRIX=2.21825701069973E-14,-0.978851749832859,-0.20457089687722,0,1,0,0,0,0,-0.20457089687722,0.978851749832859,0,182000,51188.739299681,18000,1
SUBDEVICES.NUM=0
SUBLOGICALMODELS.NUM=0
