ENTITYNAME=F4System
SYSCLASSIFYNAME=P_K_1
BASEFAMILY=82048210-1606-409e-8332-a12222cb5011.fam
OBJECTMODELPOINTER=3865937e-64cb-4f8b-be64-e7d4675a9875.dev
TRANSFORMMATRIX=0.0474672130023434,-0.993751128720462,-0.101022561126702,0,0.99886116757302,0.047711297557944,0,0,0.00481991747398167,-0.100907513358234,0.994884135034528,0,94433.3730753959,85586.8998854604,17624.3587284189,1
SUBDEVICES.NUM=0
SUBLOGICALMODELS.NUM=0
