ENTITYNAME=F4System
SYSCLASSIFYNAME=P_K_2
BASEFAMILY=65378cba-73c7-4e2d-9aa6-d6869838ce06.fam
OBJECTMODELPOINTER=3865937e-64cb-4f8b-be64-e7d4675a9875.dev
TRANSFORMMATRIX=-0.0508822076072072,-0.355737518492176,-0.933199774370979,0,0.989925105785659,-0.141591966351386,0,0,-0.132133591051856,-0.923797885363344,0.359358012452699,0,102821.018238167,50737.407433317,10534.9856272798,1
SUBDEVICES.NUM=0
SUBLOGICALMODELS.NUM=0
