ENTITYNAME=F4System
SYSCLASSIFYNAME=P_K_3
BASEFAMILY=7f0c26da-c4eb-4415-9a3e-1dfb882e417a.fam
OBJECTMODELPOINTER=4341f697-acf0-406b-93e5-bcaf53691342.dev
TRANSFORMMATRIX=-2.76753969906347E-14,-0.978851749832859,-0.20457089687722,0,1,0,0,0,0,-0.20457089687722,0.978851749832859,0,170000,51188.739299681,18000,1
SUBDEVICES.NUM=0
SUBLOGICALMODELS.NUM=0
