ENTITYNAME=F4System
SYSCLASSIFYNAME=P_K_4
BASEFAMILY=2d2ec7d3-805c-4f53-ba09-4b70f793c5d5.fam
OBJECTMODELPOINTER=54876b6a-2c7a-457a-80d8-685fe690d8fd.dev
TRANSFORMMATRIX=-1.64784806509123E-14,-0.978851749832859,-0.20457089687722,0,1,0,0,0,0,-0.20457089687722,0.978851749832859,0,189000,51188.739299681,18000,1
SUBDEVICES.NUM=0
SUBLOGICALMODELS.NUM=0
