ENTITYNAME=F4System
SYSCLASSIFYNAME=4_4_2
BASEFAMILY=39517d6f-a0b0-42dd-9e48-de1c65b1ac6d.fam
OBJECTMODELPOINTER=d200fb71-f6b0-4c8a-920c-a8beeb11117b.dev
TRANSFORMMATRIX=0,0.938745483746182,-0.344611254526235,0,1,0,0,0,0,0.344611254526235,0.938745483746182,0,12500,28991.0427171186,6887.00000000001,1
SUBDEVICES.NUM=0
SUBLOGICALMODELS.NUM=0
