ENTITYNAME=F4System
SYSCLASSIFYNAME=G_T_4
BASEFAMILY=9a5e722b-afd7-4a93-9193-a78d9ce5f2fe.fam
OBJECTMODELPOINTER=6bedf1dc-b246-4115-b7a3-c9cce4846bca.dev
TRANSFORMMATRIX=1,0,0,0,0,1,0,0,0,0,1,0,30000.0000002375,5000.00000000019,0,1
SUBDEVICES.NUM=0
SUBLOGICALMODELS.NUM=0
