ENTITYNAME=F4System
SYSCLASSIFYNAME=P_K_9
BASEFAMILY=2349a85a-771f-4595-80d1-4487c0881bd8.fam
OBJECTMODELPOINTER=3865937e-64cb-4f8b-be64-e7d4675a9875.dev
TRANSFORMMATRIX=-0.127643405594556,-0.991612454299474,-0.0202953562766795,0,0.991816740732983,-0.127669701972719,0,0,-0.00259110208727383,-0.020129274114351,0.999794028044578,0,102206.760748846,73816.521008124,16905.6309565774,1
SUBDEVICES.NUM=0
SUBLOGICALMODELS.NUM=0
