ENTITYNAME=F4System
SYSCLASSIFYNAME=P_K_9
BASEFAMILY=60d67fc8-6044-4e43-b3d4-1f8ab1dab7d3.fam
OBJECTMODELPOINTER=4341f697-acf0-406b-93e5-bcaf53691342.dev
TRANSFORMMATRIX=-0.125331619747274,-0.973653080470413,-0.190503711202697,0,0.991816740732983,-0.127669701972719,0,0,-0.0243215520339453,-0.188944769942596,0.981686475417686,0,105699.522736794,100950.443603033,20000,1
SUBDEVICES.NUM=0
SUBLOGICALMODELS.NUM=0
