ENTITYNAME=F4System
SYSCLASSIFYNAME=G_N_1
BASEFAMILY=07c7e7d4-6982-492a-b037-22ff5ae832c3.fam
OBJECTMODELPOINTER=756bfc4a-611b-4742-9329-91056c10e41d.dev
TRANSFORMMATRIX=1,0,0,0,0,1,0,0,0,0,1,0,64199.0227369804,72299.943887688,0,1
SUBDEVICES.NUM=1
SUBDEVICE0=227303a5-3a8c-4d1f-9ffa-efc6df5dabbb.cbm
SUBLOGICALMODELS.NUM=0
