ENTITYNAME=F4System
SYSCLASSIFYNAME=P_K_1
BASEFAMILY=0e9fffa9-fae8-4c57-9377-e91a1b90363b.fam
OBJECTMODELPOINTER=3865937e-64cb-4f8b-be64-e7d4675a9875.dev
TRANSFORMMATRIX=-0.119181894318741,-0.103843809645082,0.987427029843215,0,0.656925429978341,-0.75395555535308,0,0,0.744476094656084,0.64866592615199,0.158075490620802,0,105451.570547877,97648.3250342492,17622.6427350682,1
SUBDEVICES.NUM=0
SUBLOGICALMODELS.NUM=0
