ENTITYNAME=F4System
SYSCLASSIFYNAME=P_K_1
BASEFAMILY=6702b9c9-eaf3-4401-ad10-1861cb8b6c74.fam
OBJECTMODELPOINTER=21615058-6beb-420e-ab28-9a1566ce78b5.dev
TRANSFORMMATRIX=-4.31987216749632E-14,0.99301902286178,-0.117954314184076,0,-1,0,0,0,0,0.117954314184076,0.99301902286178,0,115493.101593109,189954.805212525,26026.2541695781,1
SUBDEVICES.NUM=0
SUBLOGICALMODELS.NUM=0
