ENTITYNAME=F4System
SYSCLASSIFYNAME=P_K_2
BASEFAMILY=405ee1a0-b5a2-4841-b468-c929424a2f07.fam
OBJECTMODELPOINTER=242a9ab8-72e9-445c-8431-1b550c6a2727.dev
TRANSFORMMATRIX=-2.90486037115441E-14,-0.978851749832859,-0.20457089687722,0,1,0,0,0,0,-0.20457089687722,0.978851749832859,0,148500,48252.1840501825,17386.2873093683,1
SUBDEVICES.NUM=0
SUBLOGICALMODELS.NUM=0
