ENTITYNAME=F4System
SYSCLASSIFYNAME=P_K_5
BASEFAMILY=51d71744-d160-403c-8dcb-7e25f73ba1e7.fam
OBJECTMODELPOINTER=21615058-6beb-420e-ab28-9a1566ce78b5.dev
TRANSFORMMATRIX=1.80997145114407E-13,0.978455439052219,-0.20645811630723,0,1,0,0,0,0,0.20645811630723,0.978455439052219,0,149999.252565753,128312.610512964,26021.0710678119,1
SUBDEVICES.NUM=0
SUBLOGICALMODELS.NUM=0
