ENTITYNAME=F4System
SYSCLASSIFYNAME=P_K_1
BASEFAMILY=95ba1070-2e95-4f3c-aa9f-bc29949a2c78.fam
OBJECTMODELPOINTER=54876b6a-2c7a-457a-80d8-685fe690d8fd.dev
TRANSFORMMATRIX=0.290231307588388,0.950917568249162,-0.107338560129319,0,0.956443393982345,-0.291917855068053,0,0,0.0313340422390439,0.102663256755263,0.994222527158465,0,103000,52788.739299681,18000,1
SUBDEVICES.NUM=0
SUBLOGICALMODELS.NUM=0
