ENTITYNAME=F4System
SYSCLASSIFYNAME=P_K_1
BASEFAMILY=9f9cf632-9cdb-409a-b6bc-39c8e74f6fef.fam
OBJECTMODELPOINTER=3865937e-64cb-4f8b-be64-e7d4675a9875.dev
TRANSFORMMATRIX=-0.254875067452631,-0.966588893692796,0.027287553586801,0,0.966948960946464,-0.254970011814241,0,0,0.00695750786040839,0.0263856715875282,0.999627625378194,0,180683.145556396,66756.7104482501,16933.0362609284,1
SUBDEVICES.NUM=0
SUBLOGICALMODELS.NUM=0
