ENTITYNAME=F4System
SYSCLASSIFYNAME=G_T_4
BASEFAMILY=7aec281f-4af3-4ba7-85fe-0fd02a606894.fam
OBJECTMODELPOINTER=7aec281f-4af3-4ba7-85fe-0fd02a606894.dev
TRANSFORMMATRIX=1,0,0,0,0,1,0,0,0,0,1,0,198438.944193101,48400.4432405735,0,1
SUBDEVICES.NUM=0
SUBLOGICALMODELS.NUM=0
