ENTITYNAME=F4System
SYSCLASSIFYNAME=P_K_2
BASEFAMILY=44b49179-6e95-4d52-8f8b-859d0a12ebb3.fam
OBJECTMODELPOINTER=4341f697-acf0-406b-93e5-bcaf53691342.dev
TRANSFORMMATRIX=-7.71108389433715E-15,-0.978851749832859,-0.20457089687722,0,1,0,0,0,0,-0.20457089687722,0.978851749832859,0,96000,51188.739299681,18000,1
SUBDEVICES.NUM=0
SUBLOGICALMODELS.NUM=0
