ENTITYNAME=F4System
SYSCLASSIFYNAME=G_T_4
BASEFAMILY=60190687-8975-40e5-a6ee-0310eb5476a5.fam
OBJECTMODELPOINTER=60190687-8975-40e5-a6ee-0310eb5476a5.dev
TRANSFORMMATRIX=1,0,0,0,0,-1,0,0,0,0,1,0,15288.9441931015,50900.4432405735,0,1
SUBDEVICES.NUM=0
SUBLOGICALMODELS.NUM=0
