ENTITYNAME=F4System
SYSCLASSIFYNAME=P_K_3
BASEFAMILY=610a16a9-239b-4b8b-9922-ecfddec51749.fam
OBJECTMODELPOINTER=4341f697-acf0-406b-93e5-bcaf53691342.dev
TRANSFORMMATRIX=7.18292746321817E-15,-0.978851749832859,-0.20457089687722,0,1,0,0,0,0,-0.20457089687722,0.978851749832859,0,173500,51188.739299681,18000,1
SUBDEVICES.NUM=0
SUBLOGICALMODELS.NUM=0
