ENTITYNAME=F4System
SYSCLASSIFYNAME=P_K_9
BASEFAMILY=533162a6-8a3d-4660-bee0-9a5ebf9aa2e2.fam
OBJECTMODELPOINTER=21615058-6beb-420e-ab28-9a1566ce78b5.dev
TRANSFORMMATRIX=1.13174536167355E-13,0.978442028793516,-0.206521660584134,0,-1,0,0,0,0,0.206521660584134,0.978442028793516,0,149999.252565753,162999.610512965,26021.0710678119,1
SUBDEVICES.NUM=0
SUBLOGICALMODELS.NUM=0
