ENTITYNAME=F4System
SYSCLASSIFYNAME=G_J_2
BASEFAMILY=52d63aeb-ddc9-448b-9293-491b1165fb91.fam
OBJECTMODELPOINTER=739f4188-27b8-42b9-9250-e4fc8d5ea6df.dev
TRANSFORMMATRIX=6.12323399573677E-17,1,0,0,-1,6.12323399573677E-17,0,0,0,0,1,0,245749.861214746,15000.0000000002,0,1
SUBDEVICES.NUM=0
SUBLOGICALMODELS.NUM=0
