ENTITYNAME=F4System
SYSCLASSIFYNAME=P_K_4
BASEFAMILY=986caaf8-e072-4bf6-b8e4-219579a5c05b.fam
OBJECTMODELPOINTER=2e7f4cc2-bb6b-4c26-97d5-f5eb080247cb.dev
TRANSFORMMATRIX=5.4074605030323E-14,-0.978695853869386,-0.205315429568441,0,1,0,0,0,0,-0.205315429568441,0.978695853869386,0,157000,51107.7745307871,17996.2978117348,1
SUBDEVICES.NUM=0
SUBLOGICALMODELS.NUM=0
