ENTITYNAME=F4System
SYSCLASSIFYNAME=P_K_1
BASEFAMILY=17f95ac1-830f-463c-80b6-8f93ce07a974.fam
OBJECTMODELPOINTER=53c7c2f2-18de-4212-a736-8f7474b072cd.dev
TRANSFORMMATRIX=2.68064372337157E-15,-0.999546921622177,0.0300990278186818,0,1,0,0,0,0,0.0300990278186818,0.999546921622177,0,24500,3683.10573873535,17022.8026575318,1
SUBDEVICES.NUM=0
SUBLOGICALMODELS.NUM=0
