ENTITYNAME=F4System
SYSCLASSIFYNAME=P_K_1
BASEFAMILY=79e7de1e-a9f8-4aba-bf74-7fb2a575a212.fam
OBJECTMODELPOINTER=3865937e-64cb-4f8b-be64-e7d4675a9875.dev
TRANSFORMMATRIX=-6.21602508434744E-14,0.60204006467841,-0.798465879372448,0,-1,0,0,0,0,0.798465879372448,0.60204006467841,0,120492.928932188,22159.6701305908,7028.46073736937,1
SUBDEVICES.NUM=0
SUBLOGICALMODELS.NUM=0
