ENTITYNAME=F4System
SYSCLASSIFYNAME=P_K_1
BASEFAMILY=59d4a9fe-23c1-40d6-9214-2ab5fab9176a.fam
OBJECTMODELPOINTER=242a9ab8-72e9-445c-8431-1b550c6a2727.dev
TRANSFORMMATRIX=-4.59496095073515E-15,-0.978851749832859,-0.20457089687722,0,1,0,0,0,0,-0.20457089687722,0.978851749832859,0,62500,48252.1840501825,17386.2873093683,1
SUBDEVICES.NUM=0
SUBLOGICALMODELS.NUM=0
