ENTITYNAME=F4System
SYSCLASSIFYNAME=G_J_2
BASEFAMILY=92fb147f-2fe2-4c22-a81d-c0f4afd8d322.fam
OBJECTMODELPOINTER=65576b45-87f1-456b-ad7e-f78ed76463fe.dev
TRANSFORMMATRIX=1,0,0,0,0,1,0,0,0,0,1,0,126500,33500.1706479003,-2.27373675443232E-13,1
SUBDEVICES.NUM=0
SUBLOGICALMODELS.NUM=0
