ENTITYNAME=F4System
SYSCLASSIFYNAME=G_Y_1
BASEFAMILY=0c73ef3c-e469-4e9e-b284-d2303d709a88.fam
OBJECTMODELPOINTER=0c73ef3c-e469-4e9e-b284-d2303d709a88.dev
TRANSFORMMATRIX=-1,1.22464679914735E-16,0,0,-1.22464679914735E-16,-1,0,0,0,0,1,0,59499.0227369804,68249.943887688,0,1
SUBDEVICES.NUM=0
SUBLOGICALMODELS.NUM=0
