ENTITYNAME=F4System
SYSCLASSIFYNAME=G_J_1
BASEFAMILY=6284151a-4472-4aea-a0b1-7fb9805f6c7e.fam
OBJECTMODELPOINTER=347de0dc-b7d8-4585-8516-fcd310d40749.dev
TRANSFORMMATRIX=6.12323399573677E-17,1,0,0,-1,6.12323399573677E-17,0,0,0,0,1,0,156009.981780218,176000.762188305,20085.0000000017,1
SUBDEVICES.NUM=0
SUBLOGICALMODELS.NUM=0
