ENTITYNAME=F4System
SYSCLASSIFYNAME=P_K_1
BASEFAMILY=8d6e7bcf-54ad-4f75-be63-8964fe34cf93.fam
OBJECTMODELPOINTER=3865937e-64cb-4f8b-be64-e7d4675a9875.dev
TRANSFORMMATRIX=-0.000286982994829895,-0.808188013603548,0.588924487781169,0,0.999999936954008,-0.000355094324506336,0,0,0.000209123743173894,0.588924450651841,0.808188064556566,0,87482.4790256573,13693.4406301354,15652.0815015612,1
SUBDEVICES.NUM=0
SUBLOGICALMODELS.NUM=0
