ENTITYNAME=F4System
SYSCLASSIFYNAME=P_K_1
BASEFAMILY=556036e8-5044-415e-869c-54d8e06bc421.fam
OBJECTMODELPOINTER=4335ef22-8b9e-4bff-8c1f-3967f5374baa.dev
TRANSFORMMATRIX=3.74939945665465E-33,6.12323399573677E-17,-1,0,-1,6.12323399573677E-17,0,0,6.12323399573677E-17,1,6.12323399573677E-17,0,123500,15988.739299681,17900,1
SUBDEVICES.NUM=0
SUBLOGICALMODELS.NUM=0
