ENTITYNAME=F4System
SYSCLASSIFYNAME=P_K_4
BASEFAMILY=48fd1847-2b4c-4d61-a191-c22e414c7921.fam
OBJECTMODELPOINTER=53c7c2f2-18de-4212-a736-8f7474b072cd.dev
TRANSFORMMATRIX=-1.01052021973397E-13,-0.991413500705821,-0.130764179415576,0,1,0,0,0,0,-0.130764179415576,0.991413500705821,0,189000,43743.8200028289,16643.598194012,1
SUBDEVICES.NUM=0
SUBLOGICALMODELS.NUM=0
