ENTITYNAME=F4System
SYSCLASSIFYNAME=G_J_2
BASEFAMILY=957c673f-be2b-49a9-ac0f-f4a4ddf0f897.fam
OBJECTMODELPOINTER=65576b45-87f1-456b-ad7e-f78ed76463fe.dev
TRANSFORMMATRIX=1,0,0,0,0,1,0,0,0,0,1,0,119999.99327467,4999.53316666318,0,1
SUBDEVICES.NUM=0
SUBLOGICALMODELS.NUM=0
