ENTITYNAME=F4System
SYSCLASSIFYNAME=2_8_4
BASEFAMILY=c352581d-78ea-4de5-ba47-c38058ee59ff.fam
OBJECTMODELPOINTER=54876b6a-2c7a-457a-80d8-685fe690d8fd.dev
TRANSFORMMATRIX=0.137261274263327,-0.972098964242683,-0.190218154511895,0,0.990177781912436,0.139814020065831,0,0,0.0265951648718113,-0.188349790314065,0.98174184676731,0,141699.522737353,100950.443603033,20000,1
SUBDEVICES.NUM=0
SUBLOGICALMODELS.NUM=0
