ENTITYNAME=F4System
SYSCLASSIFYNAME=P_K_1
BASEFAMILY=8419a4a1-327f-4aad-952e-87b5d2074686.fam
OBJECTMODELPOINTER=54876b6a-2c7a-457a-80d8-685fe690d8fd.dev
TRANSFORMMATRIX=3.1689385867139E-15,-0.978851749832859,-0.20457089687722,0,1,0,0,0,0,-0.20457089687722,0.978851749832859,0,66000,51188.739299681,18000,1
SUBDEVICES.NUM=0
SUBLOGICALMODELS.NUM=0
