ENTITYNAME=F4System
SYSCLASSIFYNAME=P_K_2
BASEFAMILY=95a2d84b-1920-4e5e-bd1d-6789e0783618.fam
OBJECTMODELPOINTER=4341f697-acf0-406b-93e5-bcaf53691342.dev
TRANSFORMMATRIX=-1.35208046366458E-14,0.97885174983286,-0.204570896877218,0,1,0,0,0,0,0.204570896877218,0.978851749832859,0,78000,16788.739299681,18000,1
SUBDEVICES.NUM=0
SUBLOGICALMODELS.NUM=0
