ENTITYNAME=F4System
SYSCLASSIFYNAME=P_K_3
BASEFAMILY=3fc9c7bf-d14c-4c6b-85fd-f0334f92a3f1.fam
OBJECTMODELPOINTER=7d2e69ca-7e99-4ddd-aa33-2bfb78029162.dev
TRANSFORMMATRIX=-2.70416092732917E-14,0.97885174983286,-0.204570896877218,0,1,0,0,0,0,0.204570896877218,0.978851749832859,0,182000,16867.0474396676,17983.6343282498,1
SUBDEVICES.NUM=0
SUBLOGICALMODELS.NUM=0
