ENTITYNAME=F4System
SYSCLASSIFYNAME=P_K_4
BASEFAMILY=16bdea12-7972-40fb-bca0-02b83612f5f0.fam
OBJECTMODELPOINTER=21615058-6beb-420e-ab28-9a1566ce78b5.dev
TRANSFORMMATRIX=1.44797716091525E-13,0.978455439052219,-0.20645811630723,0,1,0,0,0,0,0.20645811630723,0.978455439052219,0,162002.263055386,128312.610512964,26021.0710678119,1
SUBDEVICES.NUM=0
SUBLOGICALMODELS.NUM=0
