ENTITYNAME=F4System
SYSCLASSIFYNAME=3_2_3
BASEFAMILY=5e733eb9-8e24-4b5c-a0d6-bc9a648652b9.fam
OBJECTMODELPOINTER=77c93bee-6b51-448c-bffc-3e5ae776b443.dev
TRANSFORMMATRIX=6.12323399573677E-17,0,-1,0,0,1,0,0,1,0,6.12323399573677E-17,0,157000,15988.739299681,17900,1
SUBDEVICES.NUM=0
SUBLOGICALMODELS.NUM=0
