ENTITYNAME=F4System
SYSCLASSIFYNAME=P_K_6
BASEFAMILY=88ce3bc6-4b9e-41d7-9c4a-a9e448026974.fam
OBJECTMODELPOINTER=21615058-6beb-420e-ab28-9a1566ce78b5.dev
TRANSFORMMATRIX=1.08598287068644E-13,0.978455439052219,-0.20645811630723,0,1,0,0,0,0,0.20645811630723,0.978455439052219,0,142499.252565753,128312.610512964,26021.0710678119,1
SUBDEVICES.NUM=0
SUBLOGICALMODELS.NUM=0
