ENTITYNAME=F4System
SYSCLASSIFYNAME=G_T_4
BASEFAMILY=0ae81178-523b-4808-b478-43d63222c253.fam
OBJECTMODELPOINTER=0ae81178-523b-4808-b478-43d63222c253.dev
TRANSFORMMATRIX=-1,1.22464679914735E-16,0,0,-1.22464679914735E-16,-1,0,0,0,0,1,0,-9799.9375,75599.6343337979,0,1
SUBDEVICES.NUM=0
SUBLOGICALMODELS.NUM=0
