ENTITYNAME=F4System
SYSCLASSIFYNAME=P_K_4
BASEFAMILY=2a48b664-8354-4849-a6e0-07c001ba3b5e.fam
OBJECTMODELPOINTER=7d2e69ca-7e99-4ddd-aa33-2bfb78029162.dev
TRANSFORMMATRIX=8.79064714692993E-15,-0.986678164442782,-0.162684356383221,0,1,0,0,0,0,-0.162684356383221,0.986678164442782,0,12500,15109.8050465256,17986.9852514893,1
SUBDEVICES.NUM=0
SUBLOGICALMODELS.NUM=0
