ENTITYNAME=F4System
SYSCLASSIFYNAME=P_K_2
BASEFAMILY=3dc68abc-b4cb-443f-85a1-293bd2a36527.fam
OBJECTMODELPOINTER=53c7c2f2-18de-4212-a736-8f7474b072cd.dev
TRANSFORMMATRIX=-1.05851775732526E-14,-0.996963369817925,-0.0778719412965167,0,1,0,0,0,0,-0.0778719412965167,0.996963369817925,0,96000,39765.6905424752,16225.8829840113,1
SUBDEVICES.NUM=0
SUBLOGICALMODELS.NUM=0
