ENTITYNAME=F4System
SYSCLASSIFYNAME=G_S_7
BASEFAMILY=23396353-59ab-4b81-b511-f3daa3071bfb.fam
OBJECTMODELPOINTER=39d0daab-9738-4566-97ec-8a830b155f50.dev
TRANSFORMMATRIX=6.12323399573677E-17,1,0,0,-1,6.12323399573677E-17,0,0,0,0,1,0,101988.417174558,140999.610512941,0,1
SUBDEVICES.NUM=1
SUBDEVICE0=d2a87254-fac4-4a50-9068-edd0dde80405.cbm
SUBLOGICALMODELS.NUM=0
