ENTITYNAME=F4System
SYSCLASSIFYNAME=1_3_3
BASEFAMILY=4b7c3ba8-de11-4ca4-b446-2f5d169e639f.fam
OBJECTMODELPOINTER=54876b6a-2c7a-457a-80d8-685fe690d8fd.dev
TRANSFORMMATRIX=8.79064714692993E-15,-0.986678164442782,-0.162684356383221,0,1,0,0,0,0,-0.162684356383221,0.986678164442782,0,66000,15188.739299681,18000,1
SUBDEVICES.NUM=0
SUBLOGICALMODELS.NUM=0
