ENTITYNAME=F4System
SYSCLASSIFYNAME=G_J_2
BASEFAMILY=297e81dd-b578-4529-a385-18113e1e1065.fam
OBJECTMODELPOINTER=0efb089a-affa-47c6-a483-8cabf0c58502.dev
TRANSFORMMATRIX=1,0,0,0,0,1,0,0,0,0,1,0,105129.522737055,95500.4436029865,0,1
SUBDEVICES.NUM=0
SUBLOGICALMODELS.NUM=0
