ENTITYNAME=F4System
SYSCLASSIFYNAME=3_1_5
BASEFAMILY=c90685fa-9fa0-4d80-bdda-91e6b2946c9c.fam
OBJECTMODELPOINTER=77c93bee-6b51-448c-bffc-3e5ae776b443.dev
TRANSFORMMATRIX=6.12323399573677E-17,0,-1,0,0,1,0,0,1,0,6.12323399573677E-17,0,99500,15988.739299681,17900,1
SUBDEVICES.NUM=0
SUBLOGICALMODELS.NUM=0
