ENTITYNAME=F4System
SYSCLASSIFYNAME=G_T_4
BASEFAMILY=020658a6-c02b-4bff-b428-913a7964b331.fam
OBJECTMODELPOINTER=020658a6-c02b-4bff-b428-913a7964b331.dev
TRANSFORMMATRIX=-1,1.22464679914735E-16,0,0,-1.22464679914735E-16,-1,0,0,0,0,1,0,18488.9441931015,47000.4432405735,0,1
SUBDEVICES.NUM=0
SUBLOGICALMODELS.NUM=0
