ENTITYNAME=F4System
SYSCLASSIFYNAME=G_T_4
BASEFAMILY=979cbf68-0655-45e9-a47c-28d4cf6e6b45.fam
OBJECTMODELPOINTER=979cbf68-0655-45e9-a47c-28d4cf6e6b45.dev
TRANSFORMMATRIX=1,0,0,0,0,1,0,0,0,0,1,0,23288.9441931015,48400.4432405735,0,1
SUBDEVICES.NUM=0
SUBLOGICALMODELS.NUM=0
