ENTITYNAME=F4System
SYSCLASSIFYNAME=P_K_8
BASEFAMILY=369683fd-7740-4d24-bb3f-ed7433db51f3.fam
OBJECTMODELPOINTER=21615058-6beb-420e-ab28-9a1566ce78b5.dev
TRANSFORMMATRIX=7.23988580457627E-14,0.978455439052219,-0.20645811630723,0,1,0,0,0,0,0.20645811630723,0.978455439052219,0,61499.5227349324,128312.610512964,26021.0710678119,1
SUBDEVICES.NUM=0
SUBLOGICALMODELS.NUM=0
