ENTITYNAME=F4System
SYSCLASSIFYNAME=G_T_4
BASEFAMILY=83b5454e-7f8e-45e1-b94f-7b7dec5033d8.fam
OBJECTMODELPOINTER=6bedf1dc-b246-4115-b7a3-c9cce4846bca.dev
TRANSFORMMATRIX=1,0,0,0,0,1,0,0,0,0,1,0,55000.0000002375,5000.00000000019,0,1
SUBDEVICES.NUM=0
SUBLOGICALMODELS.NUM=0
