ENTITYNAME=F4System
SYSCLASSIFYNAME=G_T_4
BASEFAMILY=1e2d9cb6-d781-4712-9445-e5b4226f4a76.fam
OBJECTMODELPOINTER=1e2d9cb6-d781-4712-9445-e5b4226f4a76.dev
TRANSFORMMATRIX=-1,1.22464679914735E-16,0,0,-1.22464679914735E-16,-1,0,0,0,0,1,0,199238.944193101,50900.4432405735,0,1
SUBDEVICES.NUM=0
SUBLOGICALMODELS.NUM=0
