ENTITYNAME=F4System
SYSCLASSIFYNAME=3_5_1
BASEFAMILY=3ea41e99-459c-4c65-b9a9-a6ce19202539.fam
OBJECTMODELPOINTER=77c93bee-6b51-448c-bffc-3e5ae776b443.dev
TRANSFORMMATRIX=6.12323399573677E-17,0,-1,0,0,1,0,0,1,0,6.12323399573677E-17,0,24498.9734029565,15988.739299681,17900,1
SUBDEVICES.NUM=0
SUBLOGICALMODELS.NUM=0
