ENTITYNAME=F4System
SYSCLASSIFYNAME=G_N_1
BASEFAMILY=556ad03d-8980-4e1e-8567-5b79c6dc18fe.fam
OBJECTMODELPOINTER=1233cb7c-7072-4d15-98ba-b7cbb2cffc19.dev
TRANSFORMMATRIX=1,0,0,0,0,1,0,0,0,0,1,0,69399.5226189971,71292.4063404303,0,1
SUBDEVICES.NUM=1
SUBDEVICE0=f6968031-320b-4a61-8471-2d71e988cf7a.cbm
SUBLOGICALMODELS.NUM=0
