ENTITYNAME=F4System
SYSCLASSIFYNAME=2_6_9
BASEFAMILY=e213f726-e9a2-46f5-88cb-ec120f5776d8.fam
OBJECTMODELPOINTER=54876b6a-2c7a-457a-80d8-685fe690d8fd.dev
TRANSFORMMATRIX=0.297623833519706,-0.936838166365615,-0.183723443691183,0,0.953061199430145,0.302777723983739,0,0,0.0556273661232712,-0.175099685607756,0.982977973424762,0,129699.52273698,100950.443603033,20000,1
SUBDEVICES.NUM=0
SUBLOGICALMODELS.NUM=0
