ENTITYNAME=F4System
SYSCLASSIFYNAME=G_T_1
BASEFAMILY=474e1f8c-ca5b-4d1a-99b9-2aed38f0f305.fam
OBJECTMODELPOINTER=474e1f8c-ca5b-4d1a-99b9-2aed38f0f305.dev
TRANSFORMMATRIX=-1.83697019872103E-16,-1,0,0,1,-1.83697019872103E-16,0,0,0,0,1,0,111999.522736981,63750.4432405269,-1.45519152283669E-12,1
SUBDEVICES.NUM=2
SUBDEVICE0=05c7406f-82ba-48ec-a57d-4b7be4e5dcea.cbm
SUBDEVICE1=b7006c4c-cfda-429f-bc4f-288b5ddb6a54.cbm
SUBLOGICALMODELS.NUM=0
