ENTITYNAME=F4System
SYSCLASSIFYNAME=P_K_8
BASEFAMILY=1145e178-18a4-45a0-bc5e-41c8d0d05696.fam
OBJECTMODELPOINTER=21615058-6beb-420e-ab28-9a1566ce78b5.dev
TRANSFORMMATRIX=-1.13123215696506E-14,-0.978455439052213,-0.206458116307258,0,1,0,0,0,0,-0.206458116307258,0.978455439052213,0,53999.5227349324,153999.610512963,26021.0710678119,1
SUBDEVICES.NUM=0
SUBLOGICALMODELS.NUM=0
