ENTITYNAME=F4System
SYSCLASSIFYNAME=P_K_2
BASEFAMILY=1f8b4efa-6a1c-40ad-8475-5ac483bcab51.fam
OBJECTMODELPOINTER=53c7c2f2-18de-4212-a736-8f7474b072cd.dev
TRANSFORMMATRIX=1.69829402857165E-14,-0.999709809985136,-0.0240893299924233,0,1,0,0,0,0,-0.0240893299924233,0.999709809985136,0,103000,35770.903312122,16021.7384660666,1
SUBDEVICES.NUM=0
SUBLOGICALMODELS.NUM=0
