ENTITYNAME=F4System
SYSCLASSIFYNAME=3_3_0
BASEFAMILY=93ef14b5-1629-4659-9513-bbca4062e121.fam
OBJECTMODELPOINTER=77c93bee-6b51-448c-bffc-3e5ae776b443.dev
TRANSFORMMATRIX=6.12323399573677E-17,0,-1,0,0,1,0,0,1,0,6.12323399573677E-17,0,198500,15988.739299681,17900,1
SUBDEVICES.NUM=0
SUBLOGICALMODELS.NUM=0
