ENTITYNAME=F4System
SYSCLASSIFYNAME=P_K_1
BASEFAMILY=8e909942-5c38-4844-8b27-3fe973f6bb79.fam
OBJECTMODELPOINTER=4341f697-acf0-406b-93e5-bcaf53691342.dev
TRANSFORMMATRIX=-0.0474135853032392,0.992628404567994,-0.111538344857235,0,0.99886116757302,0.047711297557944,0,0,-0.00532163916060412,0.11141132137326,0.993760130829623,0,96000,52788.739299681,18000,1
SUBDEVICES.NUM=0
SUBLOGICALMODELS.NUM=0
