ENTITYNAME=F4System
SYSCLASSIFYNAME=G_T_4
BASEFAMILY=209e9e2d-1a68-4d26-927d-10d5f081d6c7.fam
OBJECTMODELPOINTER=209e9e2d-1a68-4d26-927d-10d5f081d6c7.dev
TRANSFORMMATRIX=-1,1.22464679914735E-16,0,0,-1.22464679914735E-16,-1,0,0,0,0,1,0,201638.944193101,47000.4432405735,0,1
SUBDEVICES.NUM=0
SUBLOGICALMODELS.NUM=0
