ENTITYNAME=F4System
SYSCLASSIFYNAME=G_Y_1
BASEFAMILY=96dc8b40-d90e-486d-b6ea-bf2f8be1c3d8.fam
OBJECTMODELPOINTER=0c73ef3c-e469-4e9e-b284-d2303d709a88.dev
TRANSFORMMATRIX=6.12323399573677E-17,1,0,0,-1,6.12323399573677E-17,0,0,0,0,1,0,97299.3542562604,90000.4432523908,0,1
SUBDEVICES.NUM=0
SUBLOGICALMODELS.NUM=0
