ENTITYNAME=F4System
SYSCLASSIFYNAME=P_K_2
BASEFAMILY=3e97b0f5-f0b8-4cad-8310-3bb26db18172.fam
OBJECTMODELPOINTER=4341f697-acf0-406b-93e5-bcaf53691342.dev
TRANSFORMMATRIX=-2.90486037115441E-14,-0.978851749832859,-0.20457089687722,0,1,0,0,0,0,-0.20457089687722,0.978851749832859,0,148500,51188.739299681,18000,1
SUBDEVICES.NUM=0
SUBLOGICALMODELS.NUM=0
