ENTITYNAME=F4System
SYSCLASSIFYNAME=P_K_9
BASEFAMILY=53c7c2f2-18de-4212-a736-8f7474b072cd.fam
OBJECTMODELPOINTER=53c7c2f2-18de-4212-a736-8f7474b072cd.dev
TRANSFORMMATRIX=-2.94735064089074E-14,-0.991413500705821,-0.130764179415576,0,1,0,0,0,0,-0.130764179415576,0.991413500705821,0,59000,43743.8200028289,16643.598194012,1
SUBDEVICES.NUM=0
SUBLOGICALMODELS.NUM=0
