ENTITYNAME=F4System
SYSCLASSIFYNAME=P_K_1
BASEFAMILY=9107950c-a576-42da-ad0a-ffebdbfd1a83.fam
OBJECTMODELPOINTER=21615058-6beb-420e-ab28-9a1566ce78b5.dev
TRANSFORMMATRIX=-0.980061302896537,1.28407283898743E-13,-0.198695351140238,0,0,1,0,0,-0.198695351140238,0,0.980061302896537,0,74099.522734931,181499.610512964,33120,1
SUBDEVICES.NUM=0
SUBLOGICALMODELS.NUM=0
