ENTITYNAME=F4System
SYSCLASSIFYNAME=P_K_9
BASEFAMILY=0b4c4b8f-5f9a-4b09-be65-b6a64989eaff.fam
OBJECTMODELPOINTER=21615058-6beb-420e-ab28-9a1566ce78b5.dev
TRANSFORMMATRIX=3.62158515735529E-14,-0.978442028793515,-0.20652166058414,0,-1,0,0,0,0,-0.20652166058414,0.978442028793515,0,162002.263055386,188674.610512964,26021.0710678119,1
SUBDEVICES.NUM=0
SUBLOGICALMODELS.NUM=0
