ENTITYNAME=F4System
SYSCLASSIFYNAME=P_K_1
BASEFAMILY=356e52a2-2adb-4883-bbf4-babe5938e131.fam
OBJECTMODELPOINTER=878faf34-e1c0-44bf-9b6a-83b85c5c8040.dev
TRANSFORMMATRIX=-4.59496095073515E-15,-0.978851749832859,-0.20457089687722,0,1,0,0,0,0,-0.20457089687722,0.978851749832859,0,62500,51188.739299681,18000,1
SUBDEVICES.NUM=0
SUBLOGICALMODELS.NUM=0
