ENTITYNAME=F4System
SYSCLASSIFYNAME=G_T_1
BASEFAMILY=28a1179d-b109-4a6b-9ee6-5322a6243912.fam
OBJECTMODELPOINTER=28a1179d-b109-4a6b-9ee6-5322a6243912.dev
TRANSFORMMATRIX=-1,1.22464679914735E-16,0,0,-1.22464679914735E-16,-1,0,0,0,0,1,0,238868.269881304,36381.6074345674,205.11888640079,1
SUBDEVICES.NUM=0
SUBLOGICALMODELS.NUM=0
