ENTITYNAME=F4System
SYSCLASSIFYNAME=G_S_2
BASEFAMILY=94567df6-5190-48e0-a58b-f2f2ad54a2f8.fam
OBJECTMODELPOINTER=0efb089a-affa-47c6-a483-8cabf0c58502.dev
TRANSFORMMATRIX=1,0,0,0,0,1,0,0,0,0,1,0,117129.522737427,90750.468052141,0,1
SUBDEVICES.NUM=0
SUBLOGICALMODELS.NUM=0
