ENTITYNAME=F4System
SYSCLASSIFYNAME=P_K_1
BASEFAMILY=356e1dcb-1f17-44bf-9772-2636bb11644a.fam
OBJECTMODELPOINTER=3865937e-64cb-4f8b-be64-e7d4675a9875.dev
TRANSFORMMATRIX=-0.28960834571474,-0.948876487998508,-0.125540497911987,0,0.956443393982345,-0.291917855068053,0,0,-0.0366475128746427,-0.120072379905174,0.992088495742195,0,114366.409206831,90029.7878016275,18144.0925756257,1
SUBDEVICES.NUM=0
SUBLOGICALMODELS.NUM=0
