ENTITYNAME=F4System
SYSCLASSIFYNAME=G_T_4
BASEFAMILY=1122a09c-6492-4eba-a9ce-65e2f7e6b58e.fam
OBJECTMODELPOINTER=1122a09c-6492-4eba-a9ce-65e2f7e6b58e.dev
TRANSFORMMATRIX=1,0,0,0,0,1,0,0,0,0,1,0,114699.522736981,77700.443240527,0,1
SUBDEVICES.NUM=0
SUBLOGICALMODELS.NUM=0
