ENTITYNAME=F4System
SYSCLASSIFYNAME=G_S_2
BASEFAMILY=29a9ba67-6c06-404e-9e18-2b05306a2fed.fam
OBJECTMODELPOINTER=2c5dcb5c-e175-4045-ada3-4cbd98feab1c.dev
TRANSFORMMATRIX=1,0,0,0,0,1,0,0,0,0,1,0,231285.71359215,36493.6966581982,2532.11888640076,1
SUBDEVICES.NUM=0
SUBLOGICALMODELS.NUM=0
