ENTITYNAME=F4System
SYSCLASSIFYNAME=P_K_1
BASEFAMILY=1ae2b722-a6c5-4f2c-93a5-b4731ef879d2.fam
OBJECTMODELPOINTER=21615058-6beb-420e-ab28-9a1566ce78b5.dev
TRANSFORMMATRIX=7.23988580457627E-14,0.978455439052219,-0.20645811630723,0,1,0,0,0,0,0.20645811630723,0.978455439052219,0,88504.2333630031,128312.610512964,26021.0710678119,1
SUBDEVICES.NUM=0
SUBLOGICALMODELS.NUM=0
