ENTITYNAME=F4System
SYSCLASSIFYNAME=P_K_1
BASEFAMILY=46a8ffaa-63b4-4018-8460-965d9f11d491.fam
OBJECTMODELPOINTER=4341f697-acf0-406b-93e5-bcaf53691342.dev
TRANSFORMMATRIX=0.12688297536751,0.985704964756837,-0.110844183499229,0,0.991816740732983,-0.127669701972719,0,0,0.014151443872756,0.109937116807414,0.993837797120028,0,99500,52788.739299681,18000,1
SUBDEVICES.NUM=0
SUBLOGICALMODELS.NUM=0
