ENTITYNAME=F4System
SYSCLASSIFYNAME=P_K_4
BASEFAMILY=970e327f-8718-46f3-ac9e-c486bd18ccf5.fam
OBJECTMODELPOINTER=2e7f4cc2-bb6b-4c26-97d5-f5eb080247cb.dev
TRANSFORMMATRIX=-2.70373025151615E-14,-0.978695853869386,-0.205315429568441,0,1,0,0,0,0,-0.205315429568441,0.978695853869386,0,160500,51107.7745307871,17996.2978117348,1
SUBDEVICES.NUM=0
SUBLOGICALMODELS.NUM=0
