ENTITYNAME=F4System
SYSCLASSIFYNAME=P_K_1
BASEFAMILY=17f67f1d-71ce-4185-86c2-f9ae3f4fc4cb.fam
OBJECTMODELPOINTER=3865937e-64cb-4f8b-be64-e7d4675a9875.dev
TRANSFORMMATRIX=0.0887655078889038,-0.994098534142402,0.0623601557499098,0,0.996037109746653,0.0889386080818317,0,0,-0.00554622545216321,0.0621130292964913,0.998053711467899,0,169199.358886242,61755.2419028925,17160.5058807541,1
SUBDEVICES.NUM=0
SUBLOGICALMODELS.NUM=0
