ENTITYNAME=F4System
SYSCLASSIFYNAME=3_0_2
BASEFAMILY=c52327f0-5650-49e8-b256-4ed562f7efff.fam
OBJECTMODELPOINTER=77c93bee-6b51-448c-bffc-3e5ae776b443.dev
TRANSFORMMATRIX=6.12323399573677E-17,0,-1,0,0,1,0,0,1,0,6.12323399573677E-17,0,72447.6175452812,15988.739299681,17900,1
SUBDEVICES.NUM=0
SUBLOGICALMODELS.NUM=0
