ENTITYNAME=F4System
SYSCLASSIFYNAME=P_K_1
BASEFAMILY=9a191768-4f54-4ee7-a9a1-7aa03ba6349a.fam
OBJECTMODELPOINTER=21615058-6beb-420e-ab28-9a1566ce78b5.dev
TRANSFORMMATRIX=-1.13123215696506E-14,-0.978455439052213,-0.206458116307258,0,1,0,0,0,0,-0.206458116307258,0.978455439052213,0,81004.2333630031,153999.610512963,26021.0710678119,1
SUBDEVICES.NUM=0
SUBLOGICALMODELS.NUM=0
