ENTITYNAME=F4System
SYSCLASSIFYNAME=G_S_2
BASEFAMILY=2c5dcb5c-e175-4045-ada3-4cbd98feab1c.fam
OBJECTMODELPOINTER=2c5dcb5c-e175-4045-ada3-4cbd98feab1c.dev
TRANSFORMMATRIX=1,0,0,0,0,1,0,0,0,0,1,0,237896.447803475,37906.1024345675,2816.01888640082,1
SUBDEVICES.NUM=0
SUBLOGICALMODELS.NUM=0
