ENTITYNAME=F4System
SYSCLASSIFYNAME=P_H_0
BASEFAMILY=8e47366d-b36d-4479-9c72-f4201e9d8033.fam
OBJECTMODELPOINTER=8e254d87-904c-46cc-a3f5-1c261bf23209.dev
TRANSFORMMATRIX=1,0,0,0,0,1,0,0,0,0,1,0,46499.5231177285,82799.9969065852,6552,1
SUBDEVICES.NUM=0
SUBLOGICALMODELS.NUM=0
