ENTITYNAME=F4System
SYSCLASSIFYNAME=G_N_1
BASEFAMILY=99e80326-13d8-43be-a388-f18697101738.fam
OBJECTMODELPOINTER=756bfc4a-611b-4742-9329-91056c10e41d.dev
TRANSFORMMATRIX=1,0,0,0,0,1,0,0,0,0,1,0,60999.0227369804,72299.943887688,0,1
SUBDEVICES.NUM=1
SUBDEVICE0=3f9d72a0-b9d8-4b4b-99dd-f61733a24fe5.cbm
SUBLOGICALMODELS.NUM=0
