ENTITYNAME=F4System
SYSCLASSIFYNAME=P_K_9
BASEFAMILY=6a4cad2f-ba4b-440d-9370-106da3ec5b77.fam
OBJECTMODELPOINTER=4335ef22-8b9e-4bff-8c1f-3967f5374baa.dev
TRANSFORMMATRIX=6.12323399573677E-17,0,-1,0,0,-1,0,0,1,0,6.12323399573677E-17,0,96000,51988.739299681,17900,1
SUBDEVICES.NUM=0
SUBLOGICALMODELS.NUM=0
