ENTITYNAME=F4System
SYSCLASSIFYNAME=3_2_9
BASEFAMILY=c932d191-ad84-4ac9-8925-db6b9b48835d.fam
OBJECTMODELPOINTER=77c93bee-6b51-448c-bffc-3e5ae776b443.dev
TRANSFORMMATRIX=6.12323399573677E-17,0,-1,0,0,1,0,0,1,0,6.12323399573677E-17,0,195000,15988.739299681,17900,1
SUBDEVICES.NUM=0
SUBLOGICALMODELS.NUM=0
