ENTITYNAME=F4System
SYSCLASSIFYNAME=G_S_1
BASEFAMILY=15244955-13c6-4d3d-a994-a141e81b991c.fam
OBJECTMODELPOINTER=7677bbe9-59b5-4df8-a375-e111555717d5.dev
TRANSFORMMATRIX=1,0,0,0,0,1,0,0,0,0,1,0,93699.5222977136,76800.4465293697,0,1
SUBDEVICES.NUM=4
SUBDEVICE0=12445b21-f1ea-4837-877c-abe3c126f908.cbm
SUBDEVICE1=4fd714e6-ac81-4a93-b0a3-8e0284bb8e5f.cbm
SUBDEVICE2=c92bbce0-4ff3-4f0a-bb17-3268f6418e61.cbm
SUBDEVICE3=23257d19-ca95-4230-9fd6-89df1f4ad2f1.cbm
SUBLOGICALMODELS.NUM=0
