ENTITYNAME=F4System
SYSCLASSIFYNAME=P_K_1
BASEFAMILY=4bfaf2f7-2fd3-4ab8-abd6-c7d1cb260bce.fam
OBJECTMODELPOINTER=3865937e-64cb-4f8b-be64-e7d4675a9875.dev
TRANSFORMMATRIX=1.70552206536522E-14,-0.739712743127301,-0.672922772430154,0,1,0,0,0,0,-0.672922772430154,0.739712743127301,0,40500,25056.0428556836,7502.80906118546,1
SUBDEVICES.NUM=0
SUBLOGICALMODELS.NUM=0
