ENTITYNAME=F4System
SYSCLASSIFYNAME=P_K_1
BASEFAMILY=11769d09-3838-41c1-a540-9a34c439df3d.fam
OBJECTMODELPOINTER=3865937e-64cb-4f8b-be64-e7d4675a9875.dev
TRANSFORMMATRIX=-0.000286982994833547,-0.808188013603558,0.588924487781155,0,0.999999936954008,-0.000355094324506336,0,0,0.000209123743173889,0.588924450651827,0.808188064556576,0,15982.4790256573,13693.4406301354,15652.0815015612,1
SUBDEVICES.NUM=0
SUBLOGICALMODELS.NUM=0
