ENTITYNAME=F4System
SYSCLASSIFYNAME=3_3_0
BASEFAMILY=389fa1f1-a8b3-4603-a7bc-50b60074aee8.fam
OBJECTMODELPOINTER=77c93bee-6b51-448c-bffc-3e5ae776b443.dev
TRANSFORMMATRIX=6.12323399573677E-17,0,-1,0,0,1,0,0,1,0,6.12323399573677E-17,0,202000,15988.739299681,17900,1
SUBDEVICES.NUM=0
SUBLOGICALMODELS.NUM=0
