ENTITYNAME=F4System
SYSCLASSIFYNAME=3_3_1
BASEFAMILY=4a2737cc-9c25-4e7c-806a-282ce55639be.fam
OBJECTMODELPOINTER=77c93bee-6b51-448c-bffc-3e5ae776b443.dev
TRANSFORMMATRIX=6.12323399573677E-17,0,-1,0,0,1,0,0,1,0,6.12323399573677E-17,0,207000,15988.739299681,17900,1
SUBDEVICES.NUM=0
SUBLOGICALMODELS.NUM=0
