ENTITYNAME=F4System
SYSCLASSIFYNAME=G_Y_1
BASEFAMILY=266a3938-6e70-4189-8c73-ae858561ba4f.fam
OBJECTMODELPOINTER=c68917fc-78c3-4117-90c9-b7cd4de6ecf4.dev
TRANSFORMMATRIX=1,0,0,0,0,1,0,0,0,0,1,0,107999.523302665,126005.396288335,0,1
SUBDEVICES.NUM=2
SUBDEVICE0=24e85db3-fe1e-4da1-9505-415c19c22e48.cbm
SUBDEVICE1=53f2a16f-9d6f-49b3-aa7f-301134627d51.cbm
SUBLOGICALMODELS.NUM=0
