ENTITYNAME=F4System
SYSCLASSIFYNAME=P_K_5
BASEFAMILY=2e4bfc4b-3eef-4618-863d-9c20c90e5cab.fam
OBJECTMODELPOINTER=21615058-6beb-420e-ab28-9a1566ce78b5.dev
TRANSFORMMATRIX=-0.334365908336886,-0.854604889421193,-0.397303312746622,0,0.93125930821266,-0.364357106239577,0,0,-0.144760285331757,-0.369992408179017,0.917687352904332,0,115462.358457817,127053.248101348,26070.2869522941,1
SUBDEVICES.NUM=0
SUBLOGICALMODELS.NUM=0
