ENTITYNAME=F4System
SYSCLASSIFYNAME=G_J_2
BASEFAMILY=613b9567-3310-4a18-8e97-ba5a3afa151d.fam
OBJECTMODELPOINTER=65576b45-87f1-456b-ad7e-f78ed76463fe.dev
TRANSFORMMATRIX=1,0,0,0,0,1,0,0,0,0,1,0,12499.9932746232,4999.53316665308,0,1
SUBDEVICES.NUM=0
SUBLOGICALMODELS.NUM=0
