ENTITYNAME=F4System
SYSCLASSIFYNAME=&HGI
BASEFAMILY=0b795c2e-f3af-4b54-9bef-c09bc1115a44.fam
OBJECTMODELPOINTER=f0e5bdb9-d4d6-4c0d-a738-a06b918398ff.dev
TRANSFORMMATRIX=1,0,0,0,0,1,0,0,0,0,1,0,61499.2267998345,153636.776961992,0,1
SUBDEVICES.NUM=53
SUBDEVICE0=a21b31a3-2b84-4852-8f60-c05506f341cf.cbm
SUBDEVICE1=4e91665e-3d9d-405c-a0e7-8baa0ab420af.cbm
SUBDEVICE2=725c805e-709b-4f56-b41d-b76b6ca8f976.cbm
SUBDEVICE3=85fdf8e6-2bf1-4478-888c-95e2d4b4bac6.cbm
SUBDEVICE4=74043be7-618d-430c-b3b6-93962aca16cd.cbm
SUBDEVICE5=81e92a31-15c1-46ad-b8a2-9f23acecc1fc.cbm
SUBDEVICE6=1c17d78d-37e7-4e28-bd96-278cf9f9249a.cbm
SUBDEVICE7=b3d28b09-31e2-4b10-9b78-b5e66b48bb72.cbm
SUBDEVICE8=940f320a-a582-40b2-adc8-6aa7560a94d3.cbm
SUBDEVICE9=8f4682ff-03f5-47e5-aa2c-90dcd9fad235.cbm
SUBDEVICE10=762cde26-ef59-4d66-bb8e-762771fbd328.cbm
SUBDEVICE11=21bd0b84-78df-4741-b2f1-5e9e5427fbc0.cbm
SUBDEVICE12=fdd6b87a-65e7-47c3-92a5-fd97b385dcde.cbm
SUBDEVICE13=c30e82a1-623f-4f7c-87ec-a472249b9a0b.cbm
SUBDEVICE14=1bd46c4f-c103-4aaa-96df-6be936e067fe.cbm
SUBDEVICE15=59f87bd2-71ab-4be2-879c-ffef53fef227.cbm
SUBDEVICE16=7db07d8c-7173-4188-9906-92692db12314.cbm
SUBDEVICE17=703bdf41-94ec-4532-b538-21ec3b8f7f4b.cbm
SUBDEVICE18=bb0d120c-7337-45a9-8e88-97e332519034.cbm
SUBDEVICE19=311e394b-7814-412e-b2b2-dad39dfb5988.cbm
SUBDEVICE20=6a194782-6aab-413a-8f36-917502b7f319.cbm
SUBDEVICE21=6c853554-d655-47e9-8c08-ac99f0f26cb3.cbm
SUBDEVICE22=5d7d6cb4-3d9c-4ffb-9fff-2895f39da22f.cbm
SUBDEVICE23=5cd3aeea-211d-4761-9c87-a9affdaf4807.cbm
SUBDEVICE24=bd12f241-6bd0-4b0b-8757-0e572f6be515.cbm
SUBDEVICE25=e5ab39f9-1a1f-43b5-8b97-f76e6ef2a33a.cbm
SUBDEVICE26=c3abd665-d99f-4c66-81a7-37004ee279e7.cbm
SUBDEVICE27=2a5f28e5-131c-45e3-b7ab-6254548924ef.cbm
SUBDEVICE28=122e7c6a-7d3d-430d-b440-e4a80263d4e4.cbm
SUBDEVICE29=b5bfb7e7-ef94-4e47-8fc1-a234c87cfa0c.cbm
SUBDEVICE30=2b0ddad9-1f4d-46c4-8953-3c8cdf6e2047.cbm
SUBDEVICE31=e2d45788-217b-42fd-a22a-b2b7fa9eab49.cbm
SUBDEVICE32=0ef7005c-aa2d-4e7c-bf55-70a7d638e141.cbm
SUBDEVICE33=9e87a196-69cc-43a5-af5b-cf2688bfd8e5.cbm
SUBDEVICE34=bae6820c-50d7-43aa-bf61-1e4bfa89a34b.cbm
SUBDEVICE35=a8be0eac-caec-4d63-86b5-12ef0734e38b.cbm
SUBDEVICE36=7a94524e-df3a-4705-9f87-0bb89dd4e1d9.cbm
SUBDEVICE37=4aa1243c-4121-4d5d-a58b-624c59f2633d.cbm
SUBDEVICE38=5052ca0a-49b1-4553-b42a-97893f56f830.cbm
SUBDEVICE39=98a9ba24-7e26-4702-b6bb-1d95d0c7bd35.cbm
SUBDEVICE40=bd2eba89-a3de-4d54-9537-b05f0891b1d3.cbm
SUBDEVICE41=f6bb3d69-939e-4115-9fa4-08230e654281.cbm
SUBDEVICE42=4a461683-60e3-465c-a0cc-aca81f71041b.cbm
SUBDEVICE43=df5db0c8-cf5b-4e43-b735-5ac944b5d9e9.cbm
SUBDEVICE44=3a63001a-cd93-4917-a06b-7116e12dbba5.cbm
SUBDEVICE45=386bc667-b581-4ffc-834f-b256dec8c9b4.cbm
SUBDEVICE46=078ae9fb-b3c5-4333-876c-339a12259a2e.cbm
SUBDEVICE47=76f781e4-1303-4d8c-89a8-d6b45012008d.cbm
SUBDEVICE48=bafbd543-ba6e-4a07-bd4d-9337faf0c49e.cbm
SUBDEVICE49=024eb386-d691-4535-8d17-3d143efb603d.cbm
SUBDEVICE50=0fedfe77-3e6a-467c-863d-eaa6059561d7.cbm
SUBDEVICE51=6d2998a6-6ccf-4299-a501-f6bead82255f.cbm
SUBDEVICE52=3356f6b0-1e45-4b8f-abe4-94a0eaba8980.cbm
SUBLOGICALMODELS.NUM=0
