ENTITYNAME=F4System
SYSCLASSIFYNAME=G_Y_1
BASEFAMILY=0fbd243c-c655-4ccd-a205-80552d1aa2b7.fam
OBJECTMODELPOINTER=0ed270d8-4433-4319-98c3-5d792507e388.dev
TRANSFORMMATRIX=1,0,0,0,0,1,0,0,0,0,1,0,107629.292032066,95500.4436029865,0,1
SUBDEVICES.NUM=0
SUBLOGICALMODELS.NUM=0
