ENTITYNAME=F4System
SYSCLASSIFYNAME=P_K_1
BASEFAMILY=313b22db-2af8-4318-a746-bb5c9341ae66.fam
OBJECTMODELPOINTER=21615058-6beb-420e-ab28-9a1566ce78b5.dev
TRANSFORMMATRIX=0.977902298304743,-5.53172064006064E-14,-0.209062418837776,0,0,1,0,0,0.209062418837776,0,0.977902298304743,0,102899.522734931,173999.536788538,33080,1
SUBDEVICES.NUM=0
SUBLOGICALMODELS.NUM=0
