ENTITYNAME=F4System
SYSCLASSIFYNAME=G_J_1
BASEFAMILY=6111a929-9e31-4d00-a3c7-b77a617d300a.fam
OBJECTMODELPOINTER=347de0dc-b7d8-4585-8516-fcd310d40749.dev
TRANSFORMMATRIX=6.12323399573677E-17,1,0,0,-1,6.12323399573677E-17,0,0,0,0,1,0,182985.643376757,147500.762188305,20085.0000000017,1
SUBDEVICES.NUM=0
SUBLOGICALMODELS.NUM=0
