ENTITYNAME=F4System
SYSCLASSIFYNAME=P_K_2
BASEFAMILY=1d1c1c66-ad9e-48c5-a83a-f956f1a25d2d.fam
OBJECTMODELPOINTER=53c7c2f2-18de-4212-a736-8f7474b072cd.dev
TRANSFORMMATRIX=-8.14673326844473E-14,-0.996492021981957,0.0836878134874502,0,1,0,0,0,0,0.0836878134874502,0.996492021981957,0,99500,27777.3993702131,16261.0883521683,1
SUBDEVICES.NUM=0
SUBLOGICALMODELS.NUM=0
