ENTITYNAME=F4System
SYSCLASSIFYNAME=G_S_2
BASEFAMILY=7554bac1-3d8b-4fcc-ad7c-a5d47a15cdc9.fam
OBJECTMODELPOINTER=2c5dcb5c-e175-4045-ada3-4cbd98feab1c.dev
TRANSFORMMATRIX=1,0,0,0,0,1,0,0,0,0,1,0,237998.269881304,34499.6427467857,2816.01888640076,1
SUBDEVICES.NUM=0
SUBLOGICALMODELS.NUM=0
