ENTITYNAME=F4System
SYSCLASSIFYNAME=G_N_1
BASEFAMILY=90e6f16c-7308-4ba3-954f-47500c94bbb3.fam
OBJECTMODELPOINTER=756bfc4a-611b-4742-9329-91056c10e41d.dev
TRANSFORMMATRIX=1,0,0,0,0,1,0,0,0,0,1,0,82299.0227369808,72299.943887688,0,1
SUBDEVICES.NUM=1
SUBDEVICE0=9fb95185-247e-41e0-acbf-1082608d87dd.cbm
SUBLOGICALMODELS.NUM=0
