ENTITYNAME=F4System
SYSCLASSIFYNAME=G_S_2
BASEFAMILY=5ebbe93d-26ac-4720-a13a-ec62bf93ff6b.fam
OBJECTMODELPOINTER=5ebbe93d-26ac-4720-a13a-ec62bf93ff6b.dev
TRANSFORMMATRIX=1,0,0,0,0,1,0,0,0,0,1,0,87500.2883311043,48420.2543858201,-0.37142870404461,1
SUBDEVICES.NUM=12
SUBDEVICE0=19283448-4b75-4aa7-8591-5502251194a1.cbm
SUBDEVICE1=92416e03-3fc6-4926-93c0-703419819416.cbm
SUBDEVICE2=873ba3f9-7445-458d-bd60-fd586264677f.cbm
SUBDEVICE3=591fdc90-0434-4f1c-b3e4-8495d4586f09.cbm
SUBDEVICE4=95a0183a-65d7-4521-8bce-234dfaed87e5.cbm
SUBDEVICE5=45f378ac-9e7f-4b8f-b50a-1834342e79e2.cbm
SUBDEVICE6=52438f8c-ca1b-4f5f-901e-9a7cd79755de.cbm
SUBDEVICE7=687a35b7-66d2-46ea-a7a2-debd736ff811.cbm
SUBDEVICE8=0aeb44dc-9411-4b51-b3da-292b663a4029.cbm
SUBDEVICE9=768cd0e9-bf44-4c04-a53d-f9ea7540af16.cbm
SUBDEVICE10=317dfea1-da1b-4a1a-944a-07da2344ba52.cbm
SUBDEVICE11=284b0daa-059a-4775-822e-75c80205baad.cbm
SUBLOGICALMODELS.NUM=0
