ENTITYNAME=F4System
SYSCLASSIFYNAME=P_K_3
BASEFAMILY=41922373-2ab1-4479-b1e6-ae9ef7e99a58.fam
OBJECTMODELPOINTER=53c7c2f2-18de-4212-a736-8f7474b072cd.dev
TRANSFORMMATRIX=1.27022130879031E-14,-0.996963369817925,-0.0778719412965167,0,1,0,0,0,0,-0.0778719412965167,0.996963369817925,0,177000,39765.6905424752,16225.8829840113,1
SUBDEVICES.NUM=0
SUBLOGICALMODELS.NUM=0
