ENTITYNAME=F4System
SYSCLASSIFYNAME=G_T_4
BASEFAMILY=1ed0fe8b-b6a0-4175-bfdc-588bfd438883.fam
OBJECTMODELPOINTER=1ed0fe8b-b6a0-4175-bfdc-588bfd438883.dev
TRANSFORMMATRIX=1,0,0,0,0,1,0,0,0,0,1,0,85099.5171068817,130999.610513023,0,1
SUBDEVICES.NUM=0
SUBLOGICALMODELS.NUM=0
