ENTITYNAME=F4System
SYSCLASSIFYNAME=G_J_1
BASEFAMILY=519954ad-4ddf-4f0d-942d-37c1327aff2a.fam
OBJECTMODELPOINTER=347de0dc-b7d8-4585-8516-fcd310d40749.dev
TRANSFORMMATRIX=6.12323399573677E-17,1,0,0,-1,6.12323399573677E-17,0,0,0,0,1,0,46084.8282903604,134498.458837614,20085.0000000016,1
SUBDEVICES.NUM=0
SUBLOGICALMODELS.NUM=0
