ENTITYNAME=F4System
SYSCLASSIFYNAME=P_K_1
BASEFAMILY=7823daf3-5cbf-44d7-8d64-4bc4e91dc46b.fam
OBJECTMODELPOINTER=21615058-6beb-420e-ab28-9a1566ce78b5.dev
TRANSFORMMATRIX=3.62158515735536E-14,0.978442028793516,-0.206521660584134,0,-1,0,0,0,0,0.206521660584134,0.978442028793516,0,96004.2333630031,162999.610512965,26021.0710678119,1
SUBDEVICES.NUM=0
SUBLOGICALMODELS.NUM=0
