ENTITYNAME=F4System
SYSCLASSIFYNAME=G_S_2
BASEFAMILY=dc1b4f05-fa46-441e-9ece-e1083387dbd4.fam
OBJECTMODELPOINTER=794f5423-972f-45e6-951d-5a8ebce06ccf.dev
TRANSFORMMATRIX=6.12323399573677E-17,1,0,0,-1,6.12323399573677E-17,0,0,0,0,1,0,101286.854540914,90000.4590162666,0,1
SUBDEVICES.NUM=12
SUBDEVICE0=74572e25-8084-47f7-a1cb-0e6f3df11c5c.cbm
SUBDEVICE1=25d15891-cdcf-4f68-a441-582ac9c40f18.cbm
SUBDEVICE2=b1f27bd4-2a59-4191-9ee0-aec2e8d772e9.cbm
SUBDEVICE3=16e8a44c-d6c5-4c04-9121-60ba62de8e81.cbm
SUBDEVICE4=83f94f35-e8be-404e-8e49-454cd9564d03.cbm
SUBDEVICE5=6431cf22-49fd-4593-bce8-c6e642ef17af.cbm
SUBDEVICE6=79b6219e-491b-49f2-b604-66e551a12bf3.cbm
SUBDEVICE7=8169be65-be58-43a3-8217-9405bfd1a51a.cbm
SUBDEVICE8=6931af59-154d-4294-8d89-80be03eefb2d.cbm
SUBDEVICE9=8637b326-8ee8-4e86-8fa6-9a8a7701a814.cbm
SUBDEVICE10=f28a9069-724a-4452-8898-a0a8fa495c9c.cbm
SUBDEVICE11=c436b44d-07ee-436c-9a4a-c1803e0e0fa0.cbm
SUBLOGICALMODELS.NUM=0
