ENTITYNAME=F4System
SYSCLASSIFYNAME=P_K_4
BASEFAMILY=8d7675ef-ca97-4c8d-a7a8-d809cb59706f.fam
OBJECTMODELPOINTER=21615058-6beb-420e-ab28-9a1566ce78b5.dev
TRANSFORMMATRIX=0.977902298304745,3.6878137600404E-14,-0.209062418837766,0,0,1,0,0,0.209062418837766,0,0.977902298304745,0,75899.522734931,150499.610512988,33120,1
SUBDEVICES.NUM=0
SUBLOGICALMODELS.NUM=0
