ENTITYNAME=F4System
SYSCLASSIFYNAME=3_0_8
BASEFAMILY=bcb38def-6ed2-4dd6-be19-c4ae6fa8e651.fam
OBJECTMODELPOINTER=77c93bee-6b51-448c-bffc-3e5ae776b443.dev
TRANSFORMMATRIX=6.12323399573677E-17,0,-1,0,0,1,0,0,1,0,6.12323399573677E-17,0,59000,15988.739299681,17900,1
SUBDEVICES.NUM=0
SUBLOGICALMODELS.NUM=0
