ENTITYNAME=F4System
SYSCLASSIFYNAME=P_K_1
BASEFAMILY=629dc389-45d7-4c75-a077-ffd9a660aa82.fam
OBJECTMODELPOINTER=21615058-6beb-420e-ab28-9a1566ce78b5.dev
TRANSFORMMATRIX=-0.989248803748509,-2.01658433402423E-14,-0.146242279393284,0,0,-1,0,0,-0.146242279393284,0,0.989248803748509,0,45099.522734931,181499.610512964,33080,1
SUBDEVICES.NUM=0
SUBLOGICALMODELS.NUM=0
