ENTITYNAME=F4System
SYSCLASSIFYNAME=P_K_1
BASEFAMILY=597dcb22-c174-4e92-8a76-87ddee971bd6.fam
OBJECTMODELPOINTER=4341f697-acf0-406b-93e5-bcaf53691342.dev
TRANSFORMMATRIX=0.290231307588388,0.950917568249162,-0.107338560129319,0,0.956443393982345,-0.291917855068053,0,0,0.0313340422390439,0.102663256755263,0.994222527158465,0,103000,52788.739299681,18000,1
SUBDEVICES.NUM=0
SUBLOGICALMODELS.NUM=0
