ENTITYNAME=F4System
SYSCLASSIFYNAME=P_K_1
BASEFAMILY=898a2a57-ed02-46d5-8b80-a4a29d48f337.fam
OBJECTMODELPOINTER=242a9ab8-72e9-445c-8431-1b550c6a2727.dev
TRANSFORMMATRIX=-1.16194414846176E-15,-0.978851749832859,-0.20457089687722,0,1,0,0,0,0,-0.20457089687722,0.978851749832859,0,78000,48252.1840501825,17386.2873093683,1
SUBDEVICES.NUM=0
SUBLOGICALMODELS.NUM=0
