ENTITYNAME=F4System
SYSCLASSIFYNAME=P_K_1
BASEFAMILY=4d9b5cce-9c7d-4859-8a2a-7cf66418e728.fam
OBJECTMODELPOINTER=3865937e-64cb-4f8b-be64-e7d4675a9875.dev
TRANSFORMMATRIX=-0.170538227141791,-0.101599675668018,0.980099086310914,0,0.511814224546211,-0.859096152681504,0,0,0.841999354296363,0.50162865383867,0.19850889403881,0,117287.964638801,97959.4904499227,15585.6222953921,1
SUBDEVICES.NUM=0
SUBLOGICALMODELS.NUM=0
