ENTITYNAME=F4System
SYSCLASSIFYNAME=P_K_1
BASEFAMILY=4d9ed961-127f-4994-beff-0cff5e5210d6.fam
OBJECTMODELPOINTER=3865937e-64cb-4f8b-be64-e7d4675a9875.dev
TRANSFORMMATRIX=2.61277879718734E-14,0.273207877156456,-0.961955017586406,0,-1,0,0,0,0,0.961955017586406,0.273207877156456,0,49500.1430093758,16954.0322495088,10448.220830468,1
SUBDEVICES.NUM=0
SUBLOGICALMODELS.NUM=0
