ENTITYNAME=F4System
SYSCLASSIFYNAME=G_J_1
BASEFAMILY=9adc5590-690a-455e-8462-11632c6d68bc.fam
OBJECTMODELPOINTER=347de0dc-b7d8-4585-8516-fcd310d40749.dev
TRANSFORMMATRIX=-1.83697019872103E-16,1,0,0,1,1.83697019872103E-16,0,0,0,0,1,0,128939.982019146,182498.458837614,20085.0000000016,1
SUBDEVICES.NUM=0
SUBLOGICALMODELS.NUM=0
