ENTITYNAME=F4System
SYSCLASSIFYNAME=P_K_1
BASEFAMILY=730cbe6f-0b77-4e48-aa84-563d8cb9c9f9.fam
OBJECTMODELPOINTER=7d2e69ca-7e99-4ddd-aa33-2bfb78029162.dev
TRANSFORMMATRIX=-0.0474135853032392,0.992628404567994,-0.111538344857235,0,0.99886116757302,0.047711297557944,0,0,-0.00532163916060412,0.11141132137326,0.993760130829623,0,95996.2069131757,52868.1495720465,17991.0769324114,1
SUBDEVICES.NUM=0
SUBLOGICALMODELS.NUM=0
