ENTITYNAME=F4System
SYSCLASSIFYNAME=P_K_1
BASEFAMILY=15c5ad53-a58c-4071-9d27-8a3d2e3c85af.fam
OBJECTMODELPOINTER=53c7c2f2-18de-4212-a736-8f7474b072cd.dev
TRANSFORMMATRIX=2.68064372337157E-15,-0.999546921622177,0.0300990278186818,0,1,0,0,0,0,0.0300990278186818,0.999546921622177,0,21000,3683.10573873534,17022.8026575317,1
SUBDEVICES.NUM=0
SUBLOGICALMODELS.NUM=0
