ENTITYNAME=F4System
SYSCLASSIFYNAME=P_K_2
BASEFAMILY=37d39c0d-3020-4889-8f98-b2a2478a928a.fam
OBJECTMODELPOINTER=7d2e69ca-7e99-4ddd-aa33-2bfb78029162.dev
TRANSFORMMATRIX=1.05631286223797E-16,-0.978851749832859,-0.20457089687722,0,1,0,0,0,0,-0.20457089687722,0.978851749832859,0,99500,51110.4311596944,17983.6343282498,1
SUBDEVICES.NUM=0
SUBLOGICALMODELS.NUM=0
