ENTITYNAME=F4System
SYSCLASSIFYNAME=P_K_7
BASEFAMILY=7a21e163-5a97-4b9d-916a-d89c2349e3e0.fam
OBJECTMODELPOINTER=53c7c2f2-18de-4212-a736-8f7474b072cd.dev
TRANSFORMMATRIX=-1.06632131807472E-14,-0.994013286481371,0.10925926184312,0,1,0,0,0,0,0.10925926184312,0.994013286481371,0,127000,-307.125963342509,17302.1786832264,1
SUBDEVICES.NUM=0
SUBLOGICALMODELS.NUM=0
