ENTITYNAME=F4System
SYSCLASSIFYNAME=G_T_4
BASEFAMILY=66dcdf94-3888-4090-956e-93a316412cf7.fam
OBJECTMODELPOINTER=66dcdf94-3888-4090-956e-93a316412cf7.dev
TRANSFORMMATRIX=1,0,0,0,0,-1,0,0,0,0,1,0,81099.5171068817,129599.610513023,0,1
SUBDEVICES.NUM=0
SUBLOGICALMODELS.NUM=0
