ENTITYNAME=F4System
SYSCLASSIFYNAME=P_K_3
BASEFAMILY=6516411c-7213-4cc7-bbe8-443681f6c7fb.fam
OBJECTMODELPOINTER=53c7c2f2-18de-4212-a736-8f7474b072cd.dev
TRANSFORMMATRIX=-1.39129275948115E-13,-0.996492021981957,0.0836878134874502,0,1,0,0,0,0,0.0836878134874502,0.996492021981957,0,173500,27777.3993702131,16261.0883521683,1
SUBDEVICES.NUM=0
SUBLOGICALMODELS.NUM=0
