ENTITYNAME=F4System
SYSCLASSIFYNAME=G_J_2
BASEFAMILY=9d0b9df5-f9dd-46d3-988c-3fc112229f0a.fam
OBJECTMODELPOINTER=739f4188-27b8-42b9-9250-e4fc8d5ea6df.dev
TRANSFORMMATRIX=1,0,0,0,0,1,0,0,0,0,1,0,241602.693845748,42482.6591683776,0,1
SUBDEVICES.NUM=0
SUBLOGICALMODELS.NUM=0
