ENTITYNAME=F4System
SYSCLASSIFYNAME=P_K_3
BASEFAMILY=87cbe8ac-ea93-4853-a9c1-f841ff7c0378.fam
OBJECTMODELPOINTER=21615058-6beb-420e-ab28-9a1566ce78b5.dev
TRANSFORMMATRIX=0.980061302896541,1.02725827118986E-13,-0.198695351140216,0,0,1,0,0,0.198695351140216,0,0.980061302896541,0,46899.522734931,150499.610512988,33120,1
SUBDEVICES.NUM=0
SUBLOGICALMODELS.NUM=0
