ENTITYNAME=F4System
SYSCLASSIFYNAME=3_2_6
BASEFAMILY=a6a86c2b-ff04-4ad0-8f03-3ad766fbbb77.fam
OBJECTMODELPOINTER=77c93bee-6b51-448c-bffc-3e5ae776b443.dev
TRANSFORMMATRIX=6.12323399573677E-17,0,-1,0,0,1,0,0,1,0,6.12323399573677E-17,0,177000,15988.739299681,17900,1
SUBDEVICES.NUM=0
SUBLOGICALMODELS.NUM=0
