ENTITYNAME=F4System
SYSCLASSIFYNAME=P_K_1
BASEFAMILY=90f1f4e7-9fe6-49fa-93fd-e0f253ccbee9.fam
OBJECTMODELPOINTER=53c7c2f2-18de-4212-a736-8f7474b072cd.dev
TRANSFORMMATRIX=2.68064372337157E-15,-0.999546921622177,0.0300990278186818,0,1,0,0,0,0,0.0300990278186818,0.999546921622177,0,28000,3683.10573873535,17022.8026575318,1
SUBDEVICES.NUM=0
SUBLOGICALMODELS.NUM=0
