ENTITYNAME=F4System
SYSCLASSIFYNAME=G_J_1
BASEFAMILY=65121bd0-69f1-4fd2-8191-01732cbd0ef3.fam
OBJECTMODELPOINTER=347de0dc-b7d8-4585-8516-fcd310d40749.dev
TRANSFORMMATRIX=-1.83697019872103E-16,1,0,0,1,1.83697019872103E-16,0,0,0,0,1,0,211943.349723731,134535.762188261,20085.0000000016,1
SUBDEVICES.NUM=0
SUBLOGICALMODELS.NUM=0
