ENTITYNAME=F4System
SYSCLASSIFYNAME=G_J_2
BASEFAMILY=0c55a84f-39df-424d-9edf-b24be3b68de5.fam
OBJECTMODELPOINTER=8d19c434-e3db-4ef3-a5a5-696fed9926b8.dev
TRANSFORMMATRIX=1,0,0,0,0,1,0,0,0,0,1,0,211474.284919074,226500.580936953,4.94200000017735,1
SUBDEVICES.NUM=0
SUBLOGICALMODELS.NUM=0
