ENTITYNAME=F4System
SYSCLASSIFYNAME=G_T_4
BASEFAMILY=98e59f8f-58d8-4f63-aef3-73f34eff4ab4.fam
OBJECTMODELPOINTER=98e59f8f-58d8-4f63-aef3-73f34eff4ab4.dev
TRANSFORMMATRIX=1,0,0,0,0,-1,0,0,0,0,1,0,91499.5171068817,129599.610513023,0,1
SUBDEVICES.NUM=0
SUBLOGICALMODELS.NUM=0
