ENTITYNAME=F4System
SYSCLASSIFYNAME=P_H_2
BASEFAMILY=1484e366-1bd5-486a-9059-f9f7241b2871.fam
OBJECTMODELPOINTER=8e254d87-904c-46cc-a3f5-1c261bf23209.dev
TRANSFORMMATRIX=6.12323399573677E-17,1,0,0,-1,6.12323399573677E-17,0,0,0,0,1,0,95199.5222977136,87150.4465293697,8210,1
SUBDEVICES.NUM=0
SUBLOGICALMODELS.NUM=0
