ENTITYNAME=F4System
SYSCLASSIFYNAME=G_T_4
BASEFAMILY=4765b3ae-4320-4bf6-891f-ec6e68365575.fam
OBJECTMODELPOINTER=4765b3ae-4320-4bf6-891f-ec6e68365575.dev
TRANSFORMMATRIX=1,0,0,0,0,-1,0,0,0,0,1,0,90699.5171068817,129599.610513023,0,1
SUBDEVICES.NUM=0
SUBLOGICALMODELS.NUM=0
