ENTITYNAME=F4System
SYSCLASSIFYNAME=G_T_4
BASEFAMILY=6a3a308e-2a18-462c-aa7e-f1e4e81ab55b.fam
OBJECTMODELPOINTER=6bedf1dc-b246-4115-b7a3-c9cce4846bca.dev
TRANSFORMMATRIX=1,0,0,0,0,1,0,0,0,0,1,0,216069.571048078,5000.00000000019,0,1
SUBDEVICES.NUM=0
SUBLOGICALMODELS.NUM=0
