ENTITYNAME=F4System
SYSCLASSIFYNAME=G_J_2
BASEFAMILY=3fd655fb-c6a4-40f4-aa15-22e9deb82319.fam
OBJECTMODELPOINTER=71d34115-d33e-493a-bb52-f7b203661d8b.dev
TRANSFORMMATRIX=6.12323399573677E-17,1,0,0,-1,6.12323399573677E-17,0,0,0,0,1,0,232701.346065729,28384.502004725,0,1
SUBDEVICES.NUM=0
SUBLOGICALMODELS.NUM=0
