ENTITYNAME=F4System
SYSCLASSIFYNAME=P_K_2
BASEFAMILY=237c2588-d49d-4716-9f12-1186ae99954e.fam
OBJECTMODELPOINTER=54876b6a-2c7a-457a-80d8-685fe690d8fd.dev
TRANSFORMMATRIX=1.05631286223797E-16,-0.978851749832859,-0.20457089687722,0,1,0,0,0,0,-0.20457089687722,0.978851749832859,0,99500,51188.739299681,18000,1
SUBDEVICES.NUM=0
SUBLOGICALMODELS.NUM=0
