ENTITYNAME=F4System
SYSCLASSIFYNAME=P_K_2
BASEFAMILY=9c03cd98-0039-4278-9a31-2d1cdffcc095.fam
OBJECTMODELPOINTER=3865937e-64cb-4f8b-be64-e7d4675a9875.dev
TRANSFORMMATRIX=8.72859398703033E-15,-0.239929764571871,0.970790249267311,0,-1,-3.63797880709198E-14,0,0,3.53171435296601E-14,-0.970790249267311,-0.239929764571871,0,99500.25358603,50791.3638915826,10307.5072356488,1
SUBDEVICES.NUM=0
SUBLOGICALMODELS.NUM=0
