ENTITYNAME=F4System
SYSCLASSIFYNAME=P_K_7
BASEFAMILY=0d3a685d-a0e4-4709-bfe9-90ac440922ea.fam
OBJECTMODELPOINTER=21615058-6beb-420e-ab28-9a1566ce78b5.dev
TRANSFORMMATRIX=1.08598287068644E-13,0.978455439052219,-0.20645811630723,0,1,0,0,0,0,0.20645811630723,0.978455439052219,0,122999.455737821,128312.610512964,26021.0710678119,1
SUBDEVICES.NUM=0
SUBLOGICALMODELS.NUM=0
