ENTITYNAME=F4System
SYSCLASSIFYNAME=G_J_1
BASEFAMILY=2a3092a9-1c9a-4acc-9e54-d4a46228f44f.fam
OBJECTMODELPOINTER=347de0dc-b7d8-4585-8516-fcd310d40749.dev
TRANSFORMMATRIX=-1.83697019872103E-16,1,0,0,1,1.83697019872103E-16,0,0,0,0,1,0,155927.280607276,141000.762188281,20085.0000000016,1
SUBDEVICES.NUM=0
SUBLOGICALMODELS.NUM=0
