ENTITYNAME=F4System
SYSCLASSIFYNAME=2_5_3
BASEFAMILY=d9959002-90ef-4bea-854d-4f6264fac5b1.fam
OBJECTMODELPOINTER=54876b6a-2c7a-457a-80d8-685fe690d8fd.dev
TRANSFORMMATRIX=-0.194265114581573,0.908320922033841,-0.370424307858166,0,0.977885069433656,0.209142991703604,0,0,-0.0774716479451936,0.362232400009797,0.928862655158339,0,59000,52788.739299681,18000,1
SUBDEVICES.NUM=0
SUBLOGICALMODELS.NUM=0
