ENTITYNAME=F4System
SYSCLASSIFYNAME=&HGI
BASEFAMILY=57f88201-8c6e-45d8-912d-f8dec35ffa81.fam
OBJECTMODELPOINTER=57f88201-8c6e-45d8-912d-f8dec35ffa81.dev
TRANSFORMMATRIX=1,0,0,0,0,1,0,0,0,0,1,0,74500,37038.0427171186,4.15516850549611,1
SUBDEVICES.NUM=10
SUBDEVICE0=9ed614d0-7453-4d04-9772-a56fc99b633d.cbm
SUBDEVICE1=abfa19ef-313f-4eaf-bee4-63a908a86cf7.cbm
SUBDEVICE2=04ee9373-2fa4-4116-9460-83ac59153723.cbm
SUBDEVICE3=599e9e3b-7210-4e78-8bc0-9f459d3507d3.cbm
SUBDEVICE4=d94bf8b4-f7e4-4a07-9a18-350952ed180c.cbm
SUBDEVICE5=6762f460-5305-4ffd-9c08-e1eb2af9a57d.cbm
SUBDEVICE6=257ac4d7-6902-46c4-9b2e-e8fab20f7e72.cbm
SUBDEVICE7=b1b14c69-66d2-48b2-82ec-8562074f2c93.cbm
SUBDEVICE8=95fb8f5e-7e40-45f0-8486-e9223609ae73.cbm
SUBDEVICE9=ba13cb2e-04a5-48a7-9b57-ff987e998b85.cbm
SUBLOGICALMODELS.NUM=0
