ENTITYNAME=F4System
SYSCLASSIFYNAME=G_T_4
BASEFAMILY=8a792bec-4978-46c6-9d15-bc9a1277db91.fam
OBJECTMODELPOINTER=8a792bec-4978-46c6-9d15-bc9a1277db91.dev
TRANSFORMMATRIX=-1,1.22464679914735E-16,0,0,-1.22464679914735E-16,-1,0,0,0,0,1,0,113099.522736981,80200.443240527,0,1
SUBDEVICES.NUM=0
SUBLOGICALMODELS.NUM=0
