ENTITYNAME=F4System
SYSCLASSIFYNAME=G_J_2
BASEFAMILY=20bd4056-13fc-4358-b789-ce47258e5d7c.fam
OBJECTMODELPOINTER=0efb089a-affa-47c6-a483-8cabf0c58502.dev
TRANSFORMMATRIX=1,0,0,0,0,1,0,0,0,0,1,0,117129.522737428,93000.4436029865,0,1
SUBDEVICES.NUM=0
SUBLOGICALMODELS.NUM=0
