ENTITYNAME=F4System
SYSCLASSIFYNAME=P_K_1
BASEFAMILY=46b51a10-e663-4658-8293-9531832b3353.fam
OBJECTMODELPOINTER=878faf34-e1c0-44bf-9b6a-83b85c5c8040.dev
TRANSFORMMATRIX=-8.87302804279892E-15,-0.978851749832859,-0.20457089687722,0,1,0,0,0,0,-0.20457089687722,0.978851749832859,0,74500,51188.739299681,18000,1
SUBDEVICES.NUM=0
SUBLOGICALMODELS.NUM=0
