ENTITYNAME=F4System
SYSCLASSIFYNAME=G_J_2
BASEFAMILY=8d19c434-e3db-4ef3-a5a5-696fed9926b8.fam
OBJECTMODELPOINTER=8d19c434-e3db-4ef3-a5a5-696fed9926b8.dev
TRANSFORMMATRIX=6.12323399573677E-17,1,0,0,-1,6.12323399573677E-17,0,0,0,0,1,0,34000.0000000001,192730.347769137,0,1
SUBDEVICES.NUM=0
SUBLOGICALMODELS.NUM=0
