ENTITYNAME=F4System
SYSCLASSIFYNAME=P_K_4
BASEFAMILY=2995dcab-94d0-45f1-8e09-af1584d27cad.fam
OBJECTMODELPOINTER=7d2e69ca-7e99-4ddd-aa33-2bfb78029162.dev
TRANSFORMMATRIX=-1.64784806509123E-14,-0.978851749832859,-0.20457089687722,0,1,0,0,0,0,-0.20457089687722,0.978851749832859,0,189000,51110.4311596944,17983.6343282498,1
SUBDEVICES.NUM=0
SUBLOGICALMODELS.NUM=0
