ENTITYNAME=F4System
SYSCLASSIFYNAME=1_5_6
BASEFAMILY=7e9a7f4c-3655-4d6d-ba9a-398144b51fbb.fam
OBJECTMODELPOINTER=54876b6a-2c7a-457a-80d8-685fe690d8fd.dev
TRANSFORMMATRIX=8.79064714692993E-15,-0.986678164442782,-0.162684356383221,0,1,0,0,0,0,-0.162684356383221,0.986678164442782,0,164000,15188.739299681,18000,1
SUBDEVICES.NUM=0
SUBLOGICALMODELS.NUM=0
