ENTITYNAME=F4System
SYSCLASSIFYNAME=3_4_8
BASEFAMILY=ad267e75-2d7e-48fb-b11b-da19192afc93.fam
OBJECTMODELPOINTER=54876b6a-2c7a-457a-80d8-685fe690d8fd.dev
TRANSFORMMATRIX=0.0350456383412225,0.993136269376039,-0.111589218489515,0,0.999377964884981,-0.0352658943223392,0,0,0.00393529358676366,0.111519806077157,0.993754419520688,0,152000,52788.739299681,18000,1
SUBDEVICES.NUM=0
SUBLOGICALMODELS.NUM=0
