ENTITYNAME=F4System
SYSCLASSIFYNAME=P_K_1
BASEFAMILY=8ed212a3-b258-4e73-a314-ca4662a31ba4.fam
OBJECTMODELPOINTER=53c7c2f2-18de-4212-a736-8f7474b072cd.dev
TRANSFORMMATRIX=-8.46814205860205E-15,-0.996963369817925,-0.0778719412965167,0,1,0,0,0,0,-0.0778719412965167,0.996963369817925,0,71000,39765.6905424752,16225.8829840113,1
SUBDEVICES.NUM=0
SUBLOGICALMODELS.NUM=0
