ENTITYNAME=F4System
SYSCLASSIFYNAME=G_T_4
BASEFAMILY=1b5c6356-361c-456b-b6f8-d9025e423f55.fam
OBJECTMODELPOINTER=1b5c6356-361c-456b-b6f8-d9025e423f55.dev
TRANSFORMMATRIX=1,0,0,0,0,-1,0,0,0,0,1,0,87499.5171068817,129599.610513023,0,1
SUBDEVICES.NUM=0
SUBLOGICALMODELS.NUM=0
