ENTITYNAME=F4System
SYSCLASSIFYNAME=P_K_2
BASEFAMILY=45d8ef52-b551-4de3-80e9-1e5b6de21f5c.fam
OBJECTMODELPOINTER=7d2e69ca-7e99-4ddd-aa33-2bfb78029162.dev
TRANSFORMMATRIX=0,0.97885174983286,-0.204570896877218,0,1,0,0,0,0,0.204570896877218,0.978851749832859,0,103000,16867.0474396676,17983.6343282498,1
SUBDEVICES.NUM=0
SUBLOGICALMODELS.NUM=0
