ENTITYNAME=F4System
SYSCLASSIFYNAME=P_K_2
BASEFAMILY=33cad240-3483-47f7-a1ff-b02adf7a828e.fam
OBJECTMODELPOINTER=4341f697-acf0-406b-93e5-bcaf53691342.dev
TRANSFORMMATRIX=0,0.97885174983286,-0.204570896877218,0,1,0,0,0,0,0.204570896877218,0.978851749832859,0,103000,16788.739299681,18000,1
SUBDEVICES.NUM=0
SUBLOGICALMODELS.NUM=0
