ENTITYNAME=F4System
SYSCLASSIFYNAME=P_K_1
BASEFAMILY=7fabc044-131a-49d7-83bf-011077e5450f.fam
OBJECTMODELPOINTER=3865937e-64cb-4f8b-be64-e7d4675a9875.dev
TRANSFORMMATRIX=-0.0873026160571323,-0.769421784640776,-0.632746687505976,0,0.993624317818733,-0.11274180697176,0,0,-0.0713370049048192,-0.628712495725188,0.774358850566206,0,99726.0223912721,54422.2143671222,15717.6800663396,1
SUBDEVICES.NUM=0
SUBLOGICALMODELS.NUM=0
