ENTITYNAME=F4System
SYSCLASSIFYNAME=P_K_1
BASEFAMILY=839a6286-45a0-4f3e-8436-5af8e90bc04d.fam
OBJECTMODELPOINTER=21615058-6beb-420e-ab28-9a1566ce78b5.dev
TRANSFORMMATRIX=6.33777402537188E-14,0.978442028793516,-0.206521660584134,0,-1,0,0,0,0,0.206521660584134,0.978442028793516,0,81004.2333630031,162999.610512965,26021.0710678119,1
SUBDEVICES.NUM=0
SUBLOGICALMODELS.NUM=0
