ENTITYNAME=F4System
SYSCLASSIFYNAME=P_K_1
BASEFAMILY=93113888-b689-4af9-8e61-e2dfbb740fa6.fam
OBJECTMODELPOINTER=3865937e-64cb-4f8b-be64-e7d4675a9875.dev
TRANSFORMMATRIX=2.61277879718734E-14,0.273207877156456,-0.961955017586406,0,-1,0,0,0,0,0.961955017586406,0.273207877156456,0,74500,16954.0322495088,10448.220830468,1
SUBDEVICES.NUM=0
SUBLOGICALMODELS.NUM=0
