ENTITYNAME=F4System
SYSCLASSIFYNAME=P_K_1
BASEFAMILY=3efb22b9-97a6-4b46-990d-0476026c5719.fam
OBJECTMODELPOINTER=3865937e-64cb-4f8b-be64-e7d4675a9875.dev
TRANSFORMMATRIX=0.0509122936514152,-0.355947191588241,-0.933118178558105,0,0.989925068414031,0.141592227630887,0,0,0.132122281544918,-0.923717076747508,0.359569833056673,0,71179.0661033458,50736.8135435092,10535.183309647,1
SUBDEVICES.NUM=0
SUBLOGICALMODELS.NUM=0
