ENTITYNAME=F4System
SYSCLASSIFYNAME=G_J_2
BASEFAMILY=65576b45-87f1-456b-ad7e-f78ed76463fe.fam
OBJECTMODELPOINTER=65576b45-87f1-456b-ad7e-f78ed76463fe.dev
TRANSFORMMATRIX=1,0,0,0,0,1,0,0,0,0,1,0,52538.9369707376,37000.0273462313,-2.27373675443232E-13,1
SUBDEVICES.NUM=0
SUBLOGICALMODELS.NUM=0
