ENTITYNAME=F4System
SYSCLASSIFYNAME=G_N_1
BASEFAMILY=2b6d3d0b-cd02-405c-af74-ac92b9da98c7.fam
OBJECTMODELPOINTER=2b6d3d0b-cd02-405c-af74-ac92b9da98c7.dev
TRANSFORMMATRIX=1,0,0,0,0,1,0,0,0,0,1,0,49499.522652027,65792.4085227683,0,1
SUBDEVICES.NUM=0
SUBLOGICALMODELS.NUM=0
