ENTITYNAME=F4System
SYSCLASSIFYNAME=P_K_2
BASEFAMILY=10d278ba-1dd4-4446-b1d6-c7c6a1985a02.fam
OBJECTMODELPOINTER=3865937e-64cb-4f8b-be64-e7d4675a9875.dev
TRANSFORMMATRIX=-9.0949470177273E-15,-6.42329516374486E-14,1,0,-1,0,-9.0949470177273E-15,0,5.84195291934834E-28,-1,-6.42329516374486E-14,0,102706.580944712,43993.0427171186,10290.7709450773,1
SUBDEVICES.NUM=0
SUBLOGICALMODELS.NUM=0
