ENTITYNAME=F4System
SYSCLASSIFYNAME=P_H_0
BASEFAMILY=542faa01-18d4-48e0-8acd-16e6a5e063ff.fam
OBJECTMODELPOINTER=8e254d87-904c-46cc-a3f5-1c261bf23209.dev
TRANSFORMMATRIX=1,0,0,0,0,1,0,0,0,0,1,0,46499.5231177285,84299.9969065852,6582,1
SUBDEVICES.NUM=0
SUBLOGICALMODELS.NUM=0
