ENTITYNAME=F4System
SYSCLASSIFYNAME=P_K_3
BASEFAMILY=3958eb86-1cb6-4c36-b92d-679429c75536.fam
OBJECTMODELPOINTER=242a9ab8-72e9-445c-8431-1b550c6a2727.dev
TRANSFORMMATRIX=2.21825701069973E-14,-0.978851749832859,-0.20457089687722,0,1,0,0,0,0,-0.20457089687722,0.978851749832859,0,182000,48252.1840501825,17386.2873093683,1
SUBDEVICES.NUM=0
SUBLOGICALMODELS.NUM=0
