ENTITYNAME=F4System
SYSCLASSIFYNAME=P_K_1
BASEFAMILY=6a0d25d4-c4d0-45c1-a224-61d4fb41798d.fam
OBJECTMODELPOINTER=21615058-6beb-420e-ab28-9a1566ce78b5.dev
TRANSFORMMATRIX=-9.04985725572045E-15,-0.978455439052213,-0.206458116307258,0,1,0,0,0,0,-0.206458116307258,0.978455439052213,0,196502.263055386,153999.610512963,26021.0710678119,1
SUBDEVICES.NUM=0
SUBLOGICALMODELS.NUM=0
