ENTITYNAME=F4System
SYSCLASSIFYNAME=G_T_4
BASEFAMILY=5124f33a-1eff-426f-936e-77507ac79ee8.fam
OBJECTMODELPOINTER=5124f33a-1eff-426f-936e-77507ac79ee8.dev
TRANSFORMMATRIX=-1,1.22464679914735E-16,0,0,-1.22464679914735E-16,-1,0,0,0,0,1,0,-8199.9375,75599.6343337979,0,1
SUBDEVICES.NUM=0
SUBLOGICALMODELS.NUM=0
