ENTITYNAME=F4System
SYSCLASSIFYNAME=G_J_2
BASEFAMILY=47473e15-347c-4ecd-9ff3-f5ba30b103ee.fam
OBJECTMODELPOINTER=8d19c434-e3db-4ef3-a5a5-696fed9926b8.dev
TRANSFORMMATRIX=1,0,0,0,0,1,0,0,0,0,1,0,142749.12931019,197999.610512918,-9.31322574615479E-11,1
SUBDEVICES.NUM=0
SUBLOGICALMODELS.NUM=0
