ENTITYNAME=F4System
SYSCLASSIFYNAME=G_N_1
BASEFAMILY=5402a5e0-d2b2-4aa5-8e67-5a12200f5986.fam
OBJECTMODELPOINTER=1233cb7c-7072-4d15-98ba-b7cbb2cffc19.dev
TRANSFORMMATRIX=1,0,0,0,0,1,0,0,0,0,1,0,75599.5226189971,71292.4063404303,0,1
SUBDEVICES.NUM=1
SUBDEVICE0=0160ac19-0591-4b27-9020-8b4e5290ec3d.cbm
SUBLOGICALMODELS.NUM=0
