ENTITYNAME=F4System
SYSCLASSIFYNAME=P_K_2
BASEFAMILY=3ed145fc-3c06-498c-a4ee-7ee1d6d44ec6.fam
OBJECTMODELPOINTER=53c7c2f2-18de-4212-a736-8f7474b072cd.dev
TRANSFORMMATRIX=-5.89470128178148E-14,-0.991413500705821,-0.130764179415576,0,1,0,0,0,0,-0.130764179415576,0.991413500705821,0,99500,43743.8200028289,16643.598194012,1
SUBDEVICES.NUM=0
SUBLOGICALMODELS.NUM=0
