ENTITYNAME=F4System
SYSCLASSIFYNAME=P_K_1
BASEFAMILY=1f9afe84-e16f-42f6-b4dd-fd8abe475e43.fam
OBJECTMODELPOINTER=878faf34-e1c0-44bf-9b6a-83b85c5c8040.dev
TRANSFORMMATRIX=0.290231307588388,0.950917568249162,-0.107338560129319,0,0.956443393982345,-0.291917855068053,0,0,0.0313340422390439,0.102663256755263,0.994222527158465,0,103000,52788.739299681,18000,1
SUBDEVICES.NUM=0
SUBLOGICALMODELS.NUM=0
