ENTITYNAME=F4System
SYSCLASSIFYNAME=3_4_7
BASEFAMILY=151b0343-28c9-45b1-9931-0f1e72e74559.fam
OBJECTMODELPOINTER=54876b6a-2c7a-457a-80d8-685fe690d8fd.dev
TRANSFORMMATRIX=-0.0346110126934146,-0.980819686919756,-0.191819757978599,0,0.999377964884981,-0.0352658943223392,0,0,-0.00676469531380994,-0.191700439353382,0.981430170949025,0,153699.522737167,100950.443603033,20000,1
SUBDEVICES.NUM=0
SUBLOGICALMODELS.NUM=0
