ENTITYNAME=F4System
SYSCLASSIFYNAME=P_K_1
BASEFAMILY=3dc5a99d-f0ee-4232-993c-063224c2afc2.fam
OBJECTMODELPOINTER=43bfa588-1ed8-4c78-ba86-3370947c958b.dev
TRANSFORMMATRIX=3.74939945665465E-33,6.12323399573677E-17,-1,0,-1,6.12323399573677E-17,0,0,6.12323399573677E-17,1,6.12323399573677E-17,0,84000,16001.739299681,17820,1
SUBDEVICES.NUM=0
SUBLOGICALMODELS.NUM=0
