ENTITYNAME=F4System
SYSCLASSIFYNAME=P_K_5
BASEFAMILY=2f361bf2-189a-4f69-9ae2-915e8ac388dc.fam
OBJECTMODELPOINTER=21615058-6beb-420e-ab28-9a1566ce78b5.dev
TRANSFORMMATRIX=0.364279754224677,0.931061604414259,0.0206045977285625,0,0.93125930821266,-0.364357106239577,0,0,-0.00750743160360959,-0.0191882234267012,0.999787702741159,0,105699.52273698,102100.443602998,20075,1
SUBDEVICES.NUM=0
SUBLOGICALMODELS.NUM=0
