ENTITYNAME=F4System
SYSCLASSIFYNAME=P_K_4
BASEFAMILY=79edf192-71ce-470e-8340-10003fd83734.fam
OBJECTMODELPOINTER=242a9ab8-72e9-445c-8431-1b550c6a2727.dev
TRANSFORMMATRIX=-5.40832185465833E-14,0.97885174983286,-0.204570896877218,0,1,0,0,0,0,0.204570896877218,0.978851749832859,0,185500,19725.2945491796,17386.2873093683,1
SUBDEVICES.NUM=0
SUBLOGICALMODELS.NUM=0
