ENTITYNAME=F4System
SYSCLASSIFYNAME=P_K_8
BASEFAMILY=2c7f3a56-a984-4999-83ea-a75946857198.fam
OBJECTMODELPOINTER=21615058-6beb-420e-ab28-9a1566ce78b5.dev
TRANSFORMMATRIX=4.30063237435949E-14,0.978442028793516,-0.206521660584134,0,-1,0,0,0,0,0.206521660584134,0.978442028793516,0,61499.5227349324,162999.610512965,26021.0710678119,1
SUBDEVICES.NUM=0
SUBLOGICALMODELS.NUM=0
