ENTITYNAME=F4System
SYSCLASSIFYNAME=G_J_2
BASEFAMILY=41c7a9af-cad2-4534-90b4-5c94ce38738f.fam
OBJECTMODELPOINTER=65576b45-87f1-456b-ad7e-f78ed76463fe.dev
TRANSFORMMATRIX=1,0,0,0,0,1,0,0,0,0,1,0,87499.9932746316,4999.53316666318,0,1
SUBDEVICES.NUM=0
SUBLOGICALMODELS.NUM=0
