ENTITYNAME=F4System
SYSCLASSIFYNAME=G_T_4
BASEFAMILY=059c5e48-450a-4b1a-8efe-dec508b2c08c.fam
OBJECTMODELPOINTER=059c5e48-450a-4b1a-8efe-dec508b2c08c.dev
TRANSFORMMATRIX=1,0,0,0,0,1,0,0,0,0,1,0,20088.9441931015,48400.4432405735,0,1
SUBDEVICES.NUM=0
SUBLOGICALMODELS.NUM=0
