ENTITYNAME=F4System
SYSCLASSIFYNAME=P_H_1
BASEFAMILY=7fb96834-7343-442b-b5e3-c0fdb6916f3f.fam
OBJECTMODELPOINTER=8e254d87-904c-46cc-a3f5-1c261bf23209.dev
TRANSFORMMATRIX=1,0,0,0,0,1,0,0,0,0,1,0,97999.5231177285,85799.9969065852,6582,1
SUBDEVICES.NUM=0
SUBLOGICALMODELS.NUM=0
