ENTITYNAME=F4System
SYSCLASSIFYNAME=G_J_1
BASEFAMILY=4bf3d92b-8c3c-4e58-a3a9-7cdae1a24252.fam
OBJECTMODELPOINTER=347de0dc-b7d8-4585-8516-fcd310d40749.dev
TRANSFORMMATRIX=6.12323399573677E-17,1,0,0,-1,6.12323399573677E-17,0,0,0,0,1,0,156009.981780218,141000.762188281,20085.0000000017,1
SUBDEVICES.NUM=0
SUBLOGICALMODELS.NUM=0
