ENTITYNAME=F4System
SYSCLASSIFYNAME=G_S_7
BASEFAMILY=920e0450-f9a7-4448-b506-685e800fbee5.fam
OBJECTMODELPOINTER=7c8e9d2c-347b-4b7e-90df-57a3671c702a.dev
TRANSFORMMATRIX=1,0,0,0,0,1,0,0,0,0,1,0,142005.851854342,24004.9666016763,0,1
SUBDEVICES.NUM=0
SUBLOGICALMODELS.NUM=0
