ENTITYNAME=F4System
SYSCLASSIFYNAME=G_J_2
BASEFAMILY=1bbdc03f-5346-44f0-88d2-17bdf1f1b7bd.fam
OBJECTMODELPOINTER=65576b45-87f1-456b-ad7e-f78ed76463fe.dev
TRANSFORMMATRIX=1,0,0,0,0,1,0,0,0,0,1,0,90499.9999999996,33500.1706479003,-2.27373675443232E-13,1
SUBDEVICES.NUM=0
SUBLOGICALMODELS.NUM=0
