ENTITYNAME=F4System
SYSCLASSIFYNAME=2_8_1
BASEFAMILY=aeb6cd38-ac93-491f-9f7f-e6f375326649.fam
OBJECTMODELPOINTER=54876b6a-2c7a-457a-80d8-685fe690d8fd.dev
TRANSFORMMATRIX=0.0366642729483297,-0.980747665255493,-0.191806538431488,0,0.999301949779026,0.0373579063631441,0,0,0.00716549070256234,-0.191672647834952,0.981432754606718,0,60699.5227367945,100950.443603033,20000,1
SUBDEVICES.NUM=0
SUBLOGICALMODELS.NUM=0
