ENTITYNAME=F4System
SYSCLASSIFYNAME=G_T_4
BASEFAMILY=12d118bc-b731-4732-ae76-7b19c5711a77.fam
OBJECTMODELPOINTER=12d118bc-b731-4732-ae76-7b19c5711a77.dev
TRANSFORMMATRIX=1,0,0,0,0,1,0,0,0,0,1,0,122699.522736981,77700.443240527,0,1
SUBDEVICES.NUM=0
SUBLOGICALMODELS.NUM=0
