ENTITYNAME=F4System
SYSCLASSIFYNAME=G_Y_1
BASEFAMILY=977d76cf-6fb2-4aca-abdc-a0ed60976ff1.fam
OBJECTMODELPOINTER=c68917fc-78c3-4117-90c9-b7cd4de6ecf4.dev
TRANSFORMMATRIX=1,0,0,0,0,1,0,0,0,0,1,0,155999.522734931,134499.610512971,0,1
SUBDEVICES.NUM=2
SUBDEVICE0=0fcecadd-9f55-4353-950c-78ad5a6637b0.cbm
SUBDEVICE1=3f1ca8c6-c659-41c7-9619-466f80508ff4.cbm
SUBLOGICALMODELS.NUM=0
