ENTITYNAME=F4System
SYSCLASSIFYNAME=P_K_3
BASEFAMILY=73e69e55-5575-4c8c-92f8-e301630895d3.fam
OBJECTMODELPOINTER=4341f697-acf0-406b-93e5-bcaf53691342.dev
TRANSFORMMATRIX=2.21825701069973E-14,-0.978851749832859,-0.20457089687722,0,1,0,0,0,0,-0.20457089687722,0.978851749832859,0,182000,51188.739299681,18000,1
SUBDEVICES.NUM=0
SUBLOGICALMODELS.NUM=0
