ENTITYNAME=F4System
SYSCLASSIFYNAME=G_T_4
BASEFAMILY=913d170a-60b3-45ab-9ff6-299606125773.fam
OBJECTMODELPOINTER=913d170a-60b3-45ab-9ff6-299606125773.dev
TRANSFORMMATRIX=1,0,0,0,0,1,0,0,0,0,1,0,14488.9441931015,48400.4432405735,0,1
SUBDEVICES.NUM=0
SUBLOGICALMODELS.NUM=0
