ENTITYNAME=F4System
SYSCLASSIFYNAME=P_K_2
BASEFAMILY=8241fb02-dbe3-456f-a2d0-0b893c634eb1.fam
OBJECTMODELPOINTER=4341f697-acf0-406b-93e5-bcaf53691342.dev
TRANSFORMMATRIX=7.81671518056095E-15,-0.978851749832859,-0.20457089687722,0,1,0,0,0,0,-0.20457089687722,0.978851749832859,0,103000,51188.739299681,18000,1
SUBDEVICES.NUM=0
SUBLOGICALMODELS.NUM=0
