ENTITYNAME=F4System
SYSCLASSIFYNAME=3_4_5
BASEFAMILY=d1c4ef08-4e36-4366-9301-1e7c277d1c7f.fam
OBJECTMODELPOINTER=54876b6a-2c7a-457a-80d8-685fe690d8fd.dev
TRANSFORMMATRIX=8.79064714692993E-15,-0.986678164442782,-0.162684356383221,0,1,0,0,0,0,-0.162684356383221,0.986678164442782,0,28000,15193.539299681,18000.0000000001,1
SUBDEVICES.NUM=0
SUBLOGICALMODELS.NUM=0
