ENTITYNAME=F4System
SYSCLASSIFYNAME=P_K_1
BASEFAMILY=13deac54-3193-4107-a4b5-e39501f59902.fam
OBJECTMODELPOINTER=21615058-6beb-420e-ab28-9a1566ce78b5.dev
TRANSFORMMATRIX=0.977902298304743,-5.53172064006064E-14,-0.209062418837776,0,0,1,0,0,0.209062418837776,0,0.977902298304743,0,102899.522734931,181499.610512964,33080,1
SUBDEVICES.NUM=0
SUBLOGICALMODELS.NUM=0
