ENTITYNAME=F4System
SYSCLASSIFYNAME=3_1_6
BASEFAMILY=0015cd57-f4b2-4b02-a16d-f5cfb33aa43d.fam
OBJECTMODELPOINTER=77c93bee-6b51-448c-bffc-3e5ae776b443.dev
TRANSFORMMATRIX=6.12323399573677E-17,0,-1,0,0,1,0,0,1,0,6.12323399573677E-17,0,120000,15988.739299681,17900,1
SUBDEVICES.NUM=0
SUBLOGICALMODELS.NUM=0
