ENTITYNAME=F4System
SYSCLASSIFYNAME=P_K_9
BASEFAMILY=1c5c5152-781d-4c42-aba9-1b00267765e6.fam
OBJECTMODELPOINTER=3865937e-64cb-4f8b-be64-e7d4675a9875.dev
TRANSFORMMATRIX=1.75471273552706E-13,-0.76934154529286,-0.638837684147073,0,1,0,0,0,0,-0.638837684147073,0.769341545292859,0,90500,39035.7416821127,9307.3935144128,1
SUBDEVICES.NUM=0
SUBLOGICALMODELS.NUM=0
