ENTITYNAME=F4System
SYSCLASSIFYNAME=P_K_1
BASEFAMILY=70d16a6d-22e6-4f86-8c97-477cebe3d828.fam
OBJECTMODELPOINTER=7d2e69ca-7e99-4ddd-aa33-2bfb78029162.dev
TRANSFORMMATRIX=0.290231307588388,0.950917568249162,-0.107338560129319,0,0.956443393982345,-0.291917855068053,0,0,0.0313340422390439,0.102663256755263,0.994222527158465,0,103023.218504607,52864.812705141,17991.4129151897,1
SUBDEVICES.NUM=0
SUBLOGICALMODELS.NUM=0
