ENTITYNAME=F4System
SYSCLASSIFYNAME=P_K_1
BASEFAMILY=1374497a-18fc-430f-900f-66c972402d02.fam
OBJECTMODELPOINTER=3865937e-64cb-4f8b-be64-e7d4675a9875.dev
TRANSFORMMATRIX=0.0477096135531588,-0.998825912045887,0.0084017974451522,0,0.99886116757302,0.047711297557944,0,0,-0.000400860657927231,0.00839222920577675,0.999964704276951,0,95195.5691870585,69629.9224611879,16880.3954993194,1
SUBDEVICES.NUM=0
SUBLOGICALMODELS.NUM=0
