ENTITYNAME=F4System
SYSCLASSIFYNAME=P_K_1
BASEFAMILY=0f0df133-c594-4087-9d3b-31209cc7674a.fam
OBJECTMODELPOINTER=3865937e-64cb-4f8b-be64-e7d4675a9875.dev
TRANSFORMMATRIX=0.0357852690456056,-0.773974173372755,-0.632205183046845,0,0.9989328388328,0.0461863995288949,0,0,0.0291992811684397,-0.631530518225795,0.774801010923905,0,95914.3519068667,54433.8580724803,15716.4203947491,1
SUBDEVICES.NUM=0
SUBLOGICALMODELS.NUM=0
