ENTITYNAME=F4System
SYSCLASSIFYNAME=P_K_1
BASEFAMILY=14c218d5-f4c1-4158-b347-c9da35393294.fam
OBJECTMODELPOINTER=21615058-6beb-420e-ab28-9a1566ce78b5.dev
TRANSFORMMATRIX=0.977902298304745,3.6878137600404E-14,-0.209062418837766,0,0,1,0,0,0.209062418837766,0,0.977902298304745,0,75899.522734931,181499.610512964,33120,1
SUBDEVICES.NUM=0
SUBLOGICALMODELS.NUM=0
