ENTITYNAME=F4System
SYSCLASSIFYNAME=G_T_4
BASEFAMILY=2f4d1ead-e2a2-4a39-8e58-51e4e8d9b90e.fam
OBJECTMODELPOINTER=6bedf1dc-b246-4115-b7a3-c9cce4846bca.dev
TRANSFORMMATRIX=1,0,0,0,0,1,0,0,0,0,1,0,93000.0000002371,5000.00000000019,0,1
SUBDEVICES.NUM=0
SUBLOGICALMODELS.NUM=0
