ENTITYNAME=F4System
SYSCLASSIFYNAME=2_4_7
BASEFAMILY=2d368dbd-961e-4aa9-9bea-da21d99f2813.fam
OBJECTMODELPOINTER=77c93bee-6b51-448c-bffc-3e5ae776b443.dev
TRANSFORMMATRIX=6.12323399573677E-17,0,-1,0,0,-1,0,0,1,0,6.12323399573677E-17,0,148500,51988.739299681,17900,1
SUBDEVICES.NUM=0
SUBLOGICALMODELS.NUM=0
