ENTITYNAME=F4System
SYSCLASSIFYNAME=G_J_2
BASEFAMILY=08f3a0c0-7372-4c6b-93dd-aef8b6776b3d.fam
OBJECTMODELPOINTER=739f4188-27b8-42b9-9250-e4fc8d5ea6df.dev
TRANSFORMMATRIX=1,0,0,0,0,1,0,0,0,0,1,0,235800.930359223,42482.6591683776,0,1
SUBDEVICES.NUM=0
SUBLOGICALMODELS.NUM=0
