ENTITYNAME=F4System
SYSCLASSIFYNAME=2_9_9
BASEFAMILY=0f527e4d-7f57-4f34-a4da-cf261e4e8f07.fam
OBJECTMODELPOINTER=77c93bee-6b51-448c-bffc-3e5ae776b443.dev
TRANSFORMMATRIX=6.12323399573677E-17,0,-1,0,0,1,0,0,1,0,6.12323399573677E-17,0,21000,15988.739299681,17900,1
SUBDEVICES.NUM=0
SUBLOGICALMODELS.NUM=0
