ENTITYNAME=F4System
SYSCLASSIFYNAME=G_J_1
BASEFAMILY=153df16f-9975-44ee-87d4-9fed61e1206c.fam
OBJECTMODELPOINTER=347de0dc-b7d8-4585-8516-fcd310d40749.dev
TRANSFORMMATRIX=6.12323399573677E-17,1,0,0,-1,6.12323399573677E-17,0,0,0,0,1,0,102001.879906041,176000.762188305,20085.0000000017,1
SUBDEVICES.NUM=0
SUBLOGICALMODELS.NUM=0
