ENTITYNAME=F4System
SYSCLASSIFYNAME=G_J_1
BASEFAMILY=8f9f8d1c-69f7-4aef-8aa3-688d03cfeae9.fam
OBJECTMODELPOINTER=347de0dc-b7d8-4585-8516-fcd310d40749.dev
TRANSFORMMATRIX=6.12323399573677E-17,1,0,0,-1,6.12323399573677E-17,0,0,0,0,1,0,75012.9854664141,134499.610512971,20085.0000000017,1
SUBDEVICES.NUM=0
SUBLOGICALMODELS.NUM=0
