ENTITYNAME=F4System
SYSCLASSIFYNAME=3_0_3
BASEFAMILY=4526b278-05f2-4e42-a5e1-0ed6c6c3f344.fam
OBJECTMODELPOINTER=77c93bee-6b51-448c-bffc-3e5ae776b443.dev
TRANSFORMMATRIX=6.12323399573677E-17,0,-1,0,0,1,0,0,1,0,6.12323399573677E-17,0,28000,15988.739299681,17900,1
SUBDEVICES.NUM=0
SUBLOGICALMODELS.NUM=0
