ENTITYNAME=F4System
SYSCLASSIFYNAME=G_J_1
BASEFAMILY=7daaa730-734d-4af7-be4e-50494db0505a.fam
OBJECTMODELPOINTER=347de0dc-b7d8-4585-8516-fcd310d40749.dev
TRANSFORMMATRIX=6.12323399573677E-17,1,0,0,-1,6.12323399573677E-17,0,0,0,0,1,0,129022.683192088,169500.762188283,20085.0000000017,1
SUBDEVICES.NUM=0
SUBLOGICALMODELS.NUM=0
