ENTITYNAME=F4System
SYSCLASSIFYNAME=G_J_1
BASEFAMILY=3f738d02-92c1-465c-8b82-feeb76971230.fam
OBJECTMODELPOINTER=347de0dc-b7d8-4585-8516-fcd310d40749.dev
TRANSFORMMATRIX=-1.83697019872103E-16,1,0,0,1,1.83697019872103E-16,0,0,0,0,1,0,101919.178733099,147500.762188305,20085.0000000016,1
SUBDEVICES.NUM=0
SUBLOGICALMODELS.NUM=0
