ENTITYNAME=F4System
SYSCLASSIFYNAME=P_K_1
BASEFAMILY=01d5abe7-f7d1-47aa-a0c5-5953784e61cf.fam
OBJECTMODELPOINTER=3865937e-64cb-4f8b-be64-e7d4675a9875.dev
TRANSFORMMATRIX=-0.290426726952725,-0.951557842753762,-0.100945471247273,0,0.956443393982345,-0.291917855068053,0,0,-0.0294677854453377,-0.0965486291268889,0.994891959880401,0,113206.252503264,86228.6355396232,17691.0165287785,1
SUBDEVICES.NUM=0
SUBLOGICALMODELS.NUM=0
