ENTITYNAME=F4System
SYSCLASSIFYNAME=P_K_7
BASEFAMILY=5a5aaf9b-5433-4c96-9f53-30c8d2516682.fam
OBJECTMODELPOINTER=53c7c2f2-18de-4212-a736-8f7474b072cd.dev
TRANSFORMMATRIX=-0.000930434626768955,8.91724002618695E-15,0.999999567145609,0,-1.1740340179185E-12,-1,0,0,0.999999567145609,-1.17403350973272E-12,0.000930434626768955,0,96002.3308010977,20501.2080039638,14668.4455957947,1
SUBDEVICES.NUM=0
SUBLOGICALMODELS.NUM=0
