ENTITYNAME=F4System
SYSCLASSIFYNAME=G_T_4
BASEFAMILY=3c13b8da-cc9e-437f-bf85-0c1f7c6a595f.fam
OBJECTMODELPOINTER=53c412d9-8331-4607-943a-55b670cc299a.dev
TRANSFORMMATRIX=1,0,0,0,0,1,0,0,0,0,1,0,74989.8250094437,147498.458837606,0,1
SUBDEVICES.NUM=0
SUBLOGICALMODELS.NUM=0
