ENTITYNAME=F4System
SYSCLASSIFYNAME=2_4_6
BASEFAMILY=24de7cb4-436a-4e75-b54a-2d0bef306158.fam
OBJECTMODELPOINTER=77c93bee-6b51-448c-bffc-3e5ae776b443.dev
TRANSFORMMATRIX=6.12323399573677E-17,0,-1,0,0,-1,0,0,1,0,6.12323399573677E-17,0,145000,51988.739299681,17900,1
SUBDEVICES.NUM=0
SUBLOGICALMODELS.NUM=0
