ENTITYNAME=F4System
SYSCLASSIFYNAME=P_K_1
BASEFAMILY=1c572bb3-853e-4bc6-904b-dde653eb9c3e.fam
OBJECTMODELPOINTER=4341f697-acf0-406b-93e5-bcaf53691342.dev
TRANSFORMMATRIX=-4.59496095073515E-15,-0.978851749832859,-0.20457089687722,0,1,0,0,0,0,-0.20457089687722,0.978851749832859,0,62500,51188.739299681,18000,1
SUBDEVICES.NUM=0
SUBLOGICALMODELS.NUM=0
