ENTITYNAME=F4System
SYSCLASSIFYNAME=G_J_2
BASEFAMILY=7b18f635-c4e2-4437-a44c-7a308661811f.fam
OBJECTMODELPOINTER=71d34115-d33e-493a-bb52-f7b203661d8b.dev
TRANSFORMMATRIX=6.12323399573677E-17,1,0,0,-1,6.12323399573677E-17,0,0,0,0,1,0,234470.835210109,29010.0011797398,0,1
SUBDEVICES.NUM=0
SUBLOGICALMODELS.NUM=0
