ENTITYNAME=F4System
SYSCLASSIFYNAME=&HGI
BASEFAMILY=3dced576-71e4-415f-be5b-84af82f4692a.fam
OBJECTMODELPOINTER=3dced576-71e4-415f-be5b-84af82f4692a.dev
TRANSFORMMATRIX=-1,1.22464679914735E-16,0,0,1.22464679914735E-16,1,0,0,0,0,1,0,99500,37038.0427171186,-2.27373675443232E-13,1
SUBDEVICES.NUM=12
SUBDEVICE0=0ed47006-1e32-4ed7-b2bb-f7cebba25772.cbm
SUBDEVICE1=b9e6dac1-8cc8-476f-8e7e-266cf3e1d3dd.cbm
SUBDEVICE2=4dfcc31d-2c1d-480f-be10-20e41b57002f.cbm
SUBDEVICE3=35785aac-9159-471c-84c7-b8bf8597aa4f.cbm
SUBDEVICE4=e154474d-2621-4778-bd8d-e5ad61b97512.cbm
SUBDEVICE5=bba81237-72c6-4e26-9572-025b1bd424b7.cbm
SUBDEVICE6=91d68de0-9754-4907-a29a-d5453cf7b452.cbm
SUBDEVICE7=785da354-c600-47b6-967d-fef4b9ca523c.cbm
SUBDEVICE8=d85a11c8-bbb8-43f0-b575-dbf5d2c9736a.cbm
SUBDEVICE9=62a7fc0b-fbba-46e8-b793-f2acbeef5bc8.cbm
SUBDEVICE10=1e26277f-87f3-4b04-a59e-d90667d746df.cbm
SUBDEVICE11=6e1893e9-999a-4b60-b7a2-13872097af9b.cbm
SUBLOGICALMODELS.NUM=0
