ENTITYNAME=F4System
SYSCLASSIFYNAME=G_T_4
BASEFAMILY=70da48d1-c132-4b37-bd3a-f84188ed1403.fam
OBJECTMODELPOINTER=70da48d1-c132-4b37-bd3a-f84188ed1403.dev
TRANSFORMMATRIX=1,0,0,0,0,1,0,0,0,0,1,0,19288.9441931015,48400.4432405735,0,1
SUBDEVICES.NUM=0
SUBLOGICALMODELS.NUM=0
