ENTITYNAME=F4System
SYSCLASSIFYNAME=P_K_1
BASEFAMILY=6eb2d197-2a6e-4e36-bbd2-b9a5d51895f6.fam
OBJECTMODELPOINTER=53c7c2f2-18de-4212-a736-8f7474b072cd.dev
TRANSFORMMATRIX=-1.05851775732526E-15,-0.996963369817925,-0.0778719412965167,0,1,0,0,0,0,-0.0778719412965167,0.996963369817925,0,66000,39765.6905424752,16225.8829840113,1
SUBDEVICES.NUM=0
SUBLOGICALMODELS.NUM=0
