ENTITYNAME=F4System
SYSCLASSIFYNAME=P_K_7
BASEFAMILY=44a4d801-b02d-4abd-8e6f-cc7bcc1bb044.fam
OBJECTMODELPOINTER=53c7c2f2-18de-4212-a736-8f7474b072cd.dev
TRANSFORMMATRIX=-0.00106898820251967,4.09805229234142E-14,0.999999428631948,0,0,-1,0,0,0.999999428631948,0,0.00106898820251967,0,78001.6958627539,27501.1877386536,14668.4449316381,1
SUBDEVICES.NUM=0
SUBLOGICALMODELS.NUM=0
