ENTITYNAME=F4System
SYSCLASSIFYNAME=G_J_1
BASEFAMILY=74e8419d-6dca-44cd-b5b1-c3963b89a314.fam
OBJECTMODELPOINTER=347de0dc-b7d8-4585-8516-fcd310d40749.dev
TRANSFORMMATRIX=6.12323399573677E-17,1,0,0,-1,6.12323399573677E-17,0,0,0,0,1,0,156009.981780218,134500.762188327,20085.0000000017,1
SUBDEVICES.NUM=0
SUBLOGICALMODELS.NUM=0
