ENTITYNAME=F4System
SYSCLASSIFYNAME=3_1_4
BASEFAMILY=8d8ffdbb-29b2-487c-9751-654fb8eb090d.fam
OBJECTMODELPOINTER=77c93bee-6b51-448c-bffc-3e5ae776b443.dev
TRANSFORMMATRIX=6.12323399573677E-17,0,-1,0,0,1,0,0,1,0,6.12323399573677E-17,0,91000,15988.739299681,17900,1
SUBDEVICES.NUM=0
SUBLOGICALMODELS.NUM=0
