ENTITYNAME=F4System
SYSCLASSIFYNAME=G_T_4
BASEFAMILY=7fa30cfb-738d-4076-bc58-3d3ed3e0b45e.fam
OBJECTMODELPOINTER=7fa30cfb-738d-4076-bc58-3d3ed3e0b45e.dev
TRANSFORMMATRIX=1,0,0,0,0,1,0,0,0,0,1,0,200038.944193101,48400.4432405735,0,1
SUBDEVICES.NUM=0
SUBLOGICALMODELS.NUM=0
