ENTITYNAME=F4System
SYSCLASSIFYNAME=P_K_1
BASEFAMILY=415b8e68-a27a-4c7d-a35f-03e3ed2ef216.fam
OBJECTMODELPOINTER=3865937e-64cb-4f8b-be64-e7d4675a9875.dev
TRANSFORMMATRIX=-0.000232110208173609,-0.653657852245918,0.75679016796078,0,0.999999936954008,-0.000355094324506336,0,0,0.00026873189348507,0.756790120248193,0.653657893456428,0,87481.9628360514,12239.7717379986,17025.7068091258,1
SUBDEVICES.NUM=0
SUBLOGICALMODELS.NUM=0
