ENTITYNAME=F4System
SYSCLASSIFYNAME=P_K_3
BASEFAMILY=5a2c2a70-7350-4305-b551-c0cd6b2f9a80.fam
OBJECTMODELPOINTER=53c7c2f2-18de-4212-a736-8f7474b072cd.dev
TRANSFORMMATRIX=-3.39658805714331E-14,-0.999709809985136,-0.0240893299924233,0,1,0,0,0,0,-0.0240893299924233,0.999709809985136,0,177000,35770.903312122,16021.7384660666,1
SUBDEVICES.NUM=0
SUBLOGICALMODELS.NUM=0
