ENTITYNAME=F4System
SYSCLASSIFYNAME=G_T_4
BASEFAMILY=4db3b5d4-7d58-461d-8498-7b2420495a6d.fam
OBJECTMODELPOINTER=4db3b5d4-7d58-461d-8498-7b2420495a6d.dev
TRANSFORMMATRIX=1,0,0,0,0,1,0,0,0,0,1,0,120299.522736981,73800.443240527,0,1
SUBDEVICES.NUM=0
SUBLOGICALMODELS.NUM=0
