ENTITYNAME=F4System
SYSCLASSIFYNAME=P_K_1
BASEFAMILY=6549c983-ca7b-4f40-b392-e846eb83fd5e.fam
OBJECTMODELPOINTER=54876b6a-2c7a-457a-80d8-685fe690d8fd.dev
TRANSFORMMATRIX=-0.0852629136502157,-0.977827122767866,-0.191270367635432,0,0.996219943827929,-0.0868666997155877,0,0,-0.0166150255898771,-0.190547354901717,0.981537389234158,0,177699.522737353,100950.443603033,20000,1
SUBDEVICES.NUM=0
SUBLOGICALMODELS.NUM=0
