ENTITYNAME=F4System
SYSCLASSIFYNAME=P_H_0
BASEFAMILY=9cb1bea9-7213-45ef-a05c-ffcb0a2399dc.fam
OBJECTMODELPOINTER=8e254d87-904c-46cc-a3f5-1c261bf23209.dev
TRANSFORMMATRIX=1,0,0,0,0,1,0,0,0,0,1,0,56499.5231177285,84299.9969065852,6582,1
SUBDEVICES.NUM=0
SUBLOGICALMODELS.NUM=0
