ENTITYNAME=F4System
SYSCLASSIFYNAME=G_J_1
BASEFAMILY=2a66b752-b0ab-4afe-9d95-1ecc04a98a2c.fam
OBJECTMODELPOINTER=347de0dc-b7d8-4585-8516-fcd310d40749.dev
TRANSFORMMATRIX=-1.83697019872103E-16,1,0,0,1,1.83697019872103E-16,0,0,0,0,1,0,211943.349723731,176000.762188305,20085.0000000016,1
SUBDEVICES.NUM=0
SUBLOGICALMODELS.NUM=0
