ENTITYNAME=F4System
SYSCLASSIFYNAME=P_K_8
BASEFAMILY=7fe3d6f9-29c1-4846-9e8f-802758cd43ba.fam
OBJECTMODELPOINTER=3865937e-64cb-4f8b-be64-e7d4675a9875.dev
TRANSFORMMATRIX=2.09929040153527E-14,-0.506135444458502,-0.862454005650617,0,1,0,0,0,0,-0.862454005650617,0.506135444458502,0,12500,36110.9561874809,8877.513485417,1
SUBDEVICES.NUM=0
SUBLOGICALMODELS.NUM=0
