ENTITYNAME=F4System
SYSCLASSIFYNAME=G_T_4
BASEFAMILY=676b27a6-cb94-4b7c-ae00-0c017cdc7d85.fam
OBJECTMODELPOINTER=676b27a6-cb94-4b7c-ae00-0c017cdc7d85.dev
TRANSFORMMATRIX=1,0,0,0,0,-1,0,0,0,0,1,0,23288.9441931015,50900.4432405735,0,1
SUBDEVICES.NUM=0
SUBLOGICALMODELS.NUM=0
