ENTITYNAME=F4System
SYSCLASSIFYNAME=P_K_5
BASEFAMILY=9cf00c1e-7f97-4f89-ae51-e5bd54cb1aa7.fam
OBJECTMODELPOINTER=4341f697-acf0-406b-93e5-bcaf53691342.dev
TRANSFORMMATRIX=8.79064714692993E-15,-0.986678164442782,-0.162684356383221,0,1,0,0,0,0,-0.162684356383221,0.986678164442782,0,49500,15188.739299681,18000,1
SUBDEVICES.NUM=0
SUBLOGICALMODELS.NUM=0
