ENTITYNAME=F4System
SYSCLASSIFYNAME=2_9_8
BASEFAMILY=f0059188-c503-4863-83ae-b2ddd218bdbf.fam
OBJECTMODELPOINTER=77c93bee-6b51-448c-bffc-3e5ae776b443.dev
TRANSFORMMATRIX=6.12323399573677E-17,0,-1,0,0,1,0,0,1,0,6.12323399573677E-17,0,16000,15988.739299681,17900,1
SUBDEVICES.NUM=0
SUBLOGICALMODELS.NUM=0
