ENTITYNAME=F4System
SYSCLASSIFYNAME=P_K_8
BASEFAMILY=6ad7373b-5d98-46f6-a07f-836dbc49ffdc.fam
OBJECTMODELPOINTER=3865937e-64cb-4f8b-be64-e7d4675a9875.dev
TRANSFORMMATRIX=-1.06313826906375E-14,-0.841009502816403,-0.541020347281418,0,1,0,0,0,0,-0.541020347281418,0.841009502816403,0,15500,37525.0965863469,8010.14511752224,1
SUBDEVICES.NUM=0
SUBLOGICALMODELS.NUM=0
