ENTITYNAME=F4System
SYSCLASSIFYNAME=G_J_2
BASEFAMILY=0c32264f-5b6b-4733-8ace-6c4c527a99a4.fam
OBJECTMODELPOINTER=0efb089a-affa-47c6-a483-8cabf0c58502.dev
TRANSFORMMATRIX=1,0,0,0,0,1,0,0,0,0,1,0,114128.585237055,97600.4465327026,0,1
SUBDEVICES.NUM=0
SUBLOGICALMODELS.NUM=0
