ENTITYNAME=F4System
SYSCLASSIFYNAME=P_K_9
BASEFAMILY=5dae502e-3102-4b5c-b49d-ae3540b35e03.fam
OBJECTMODELPOINTER=376e5d7e-549b-45e2-90d9-bd238977436b.dev
TRANSFORMMATRIX=3.74939945665465E-33,6.12323399573677E-17,-1,0,-1,6.12323399573677E-17,0,0,6.12323399573677E-17,1,6.12323399573677E-17,0,87500,51988.739299681,14902.287438618,1
SUBDEVICES.NUM=0
SUBLOGICALMODELS.NUM=0
