ENTITYNAME=F4System
SYSCLASSIFYNAME=P_K_8
BASEFAMILY=9db147db-459d-475b-9249-5d89056308ec.fam
OBJECTMODELPOINTER=3865937e-64cb-4f8b-be64-e7d4675a9875.dev
TRANSFORMMATRIX=0.000124329744778886,-0.998749768379706,0.049988845791815,0,0.999999992251695,0.00012448537939484,0,0,-6.22288043390425E-06,0.0499888454044862,0.998749776118324,0,173499.950648491,33996.6148611852,6755.90994865651,1
SUBDEVICES.NUM=0
SUBLOGICALMODELS.NUM=0
