ENTITYNAME=F4System
SYSCLASSIFYNAME=G_T_4
BASEFAMILY=036292c1-597b-437e-80b1-6ac585bb2d66.fam
OBJECTMODELPOINTER=036292c1-597b-437e-80b1-6ac585bb2d66.dev
TRANSFORMMATRIX=-1,1.22464679914735E-16,0,0,-1.22464679914735E-16,-1,0,0,0,0,1,0,121099.522736981,80200.443240527,0,1
SUBDEVICES.NUM=0
SUBLOGICALMODELS.NUM=0
