ENTITYNAME=F4System
SYSCLASSIFYNAME=P_K_1
BASEFAMILY=9ee64697-b34a-46c5-b233-e4a870fd002b.fam
OBJECTMODELPOINTER=21615058-6beb-420e-ab28-9a1566ce78b5.dev
TRANSFORMMATRIX=-0.977902298304746,-1.01414878401107E-13,-0.20906241883776,0,0,1,0,0,-0.20906241883776,0,0.977902298304746,0,101099.522734931,181499.610512964,33120,1
SUBDEVICES.NUM=0
SUBLOGICALMODELS.NUM=0
