ENTITYNAME=F4System
SYSCLASSIFYNAME=P_K_4
BASEFAMILY=26b326e5-cf8e-45e5-a55d-161eddf783cc.fam
OBJECTMODELPOINTER=21615058-6beb-420e-ab28-9a1566ce78b5.dev
TRANSFORMMATRIX=-0.980061302896537,1.28407283898743E-13,-0.198695351140238,0,0,1,0,0,-0.198695351140238,0,0.980061302896537,0,211099.522734931,150499.610512988,33120,1
SUBDEVICES.NUM=0
SUBLOGICALMODELS.NUM=0
