ENTITYNAME=F4System
SYSCLASSIFYNAME=P_K_1
BASEFAMILY=73078bb1-2a57-4f2a-ad56-a08fe81ceac8.fam
OBJECTMODELPOINTER=21615058-6beb-420e-ab28-9a1566ce78b5.dev
TRANSFORMMATRIX=-0.989248803748509,-2.01658433402423E-14,-0.146242279393284,0,0,-1,0,0,-0.146242279393284,0,0.989248803748509,0,45099.522734931,173986.350146976,33080,1
SUBDEVICES.NUM=0
SUBLOGICALMODELS.NUM=0
