ENTITYNAME=F4System
SYSCLASSIFYNAME=P_K_7
BASEFAMILY=3c2e7408-dfb9-465d-afd6-63fb9121feb6.fam
OBJECTMODELPOINTER=54876b6a-2c7a-457a-80d8-685fe690d8fd.dev
TRANSFORMMATRIX=8.79064714692993E-15,-0.986678164442782,-0.162684356383221,0,1,0,0,0,0,-0.162684356383221,0.986678164442782,0,214000,15188.739299681,18000,1
SUBDEVICES.NUM=0
SUBLOGICALMODELS.NUM=0
