ENTITYNAME=F4System
SYSCLASSIFYNAME=G_J_2
BASEFAMILY=8f440fd0-c204-45ba-a92c-797518af4c88.fam
OBJECTMODELPOINTER=8d19c434-e3db-4ef3-a5a5-696fed9926b8.dev
TRANSFORMMATRIX=1,0,0,0,0,1,0,0,0,0,1,0,52749.12931019,197999.610512918,-9.31322574615479E-11,1
SUBDEVICES.NUM=0
SUBLOGICALMODELS.NUM=0
