ENTITYNAME=F4System
SYSCLASSIFYNAME=1_0_7
BASEFAMILY=fc2c8933-9e06-4a91-a755-b83a5401e53a.fam
OBJECTMODELPOINTER=54876b6a-2c7a-457a-80d8-685fe690d8fd.dev
TRANSFORMMATRIX=-5.40832185465833E-14,0.97885174983286,-0.204570896877218,0,1,0,0,0,0,0.204570896877218,0.978851749832859,0,160500,16788.739299681,18000,1
SUBDEVICES.NUM=0
SUBLOGICALMODELS.NUM=0
