ENTITYNAME=F4System
SYSCLASSIFYNAME=P_K_1
BASEFAMILY=25739e2a-e84f-4e35-9c0b-51886089b28e.fam
OBJECTMODELPOINTER=4341f697-acf0-406b-93e5-bcaf53691342.dev
TRANSFORMMATRIX=0,0.97885174983286,-0.204570896877218,0,1,0,0,0,0,0.204570896877218,0.978851749832859,0,66000,16788.739299681,18000,1
SUBDEVICES.NUM=0
SUBLOGICALMODELS.NUM=0
