ENTITYNAME=F4System
SYSCLASSIFYNAME=G_S_2
BASEFAMILY=794f5423-972f-45e6-951d-5a8ebce06ccf.fam
OBJECTMODELPOINTER=794f5423-972f-45e6-951d-5a8ebce06ccf.dev
TRANSFORMMATRIX=1,0,0,0,0,1,0,0,0,0,1,0,93699.5224945042,87150.4462447157,0,1
SUBDEVICES.NUM=12
SUBDEVICE0=9055bfd7-748d-4ced-bd90-ed1a7ca05dde.cbm
SUBDEVICE1=af3f6d8c-8691-41d1-aeb0-45014f096fc4.cbm
SUBDEVICE2=245ba284-57e5-42ad-acf1-11ad55a4fd7a.cbm
SUBDEVICE3=5f4c56a2-98d5-4a0d-aad7-9a58a3e3b66f.cbm
SUBDEVICE4=ceb6eaa5-784f-4c07-b357-ca217b40dd45.cbm
SUBDEVICE5=7cf609cf-598e-4a28-a798-961d19debb75.cbm
SUBDEVICE6=d4f94cef-f934-43bd-b0a0-86fab47cb383.cbm
SUBDEVICE7=3d1a41ff-5ac9-4c2e-ade1-35323d94ea67.cbm
SUBDEVICE8=16e5a405-2696-44b1-8b61-16b5cfe1043b.cbm
SUBDEVICE9=d93f3e10-add4-475a-8485-23426a07c4a2.cbm
SUBDEVICE10=b1889f3a-f08f-44b4-b703-68975d6bb144.cbm
SUBDEVICE11=46dcbeb5-d592-49a9-b1bb-14f12f197a4c.cbm
SUBLOGICALMODELS.NUM=0
