ENTITYNAME=F4System
SYSCLASSIFYNAME=P_K_7
BASEFAMILY=0f6d06c0-c73e-45bb-945e-9efca445a490.fam
OBJECTMODELPOINTER=242a9ab8-72e9-445c-8431-1b550c6a2727.dev
TRANSFORMMATRIX=8.79064714692993E-15,-0.986678164442782,-0.162684356383221,0,1,0,0,0,0,-0.162684356383221,0.986678164442782,0,207000,12228.7048063527,17511.9469308503,1
SUBDEVICES.NUM=0
SUBLOGICALMODELS.NUM=0
