ENTITYNAME=F4System
SYSCLASSIFYNAME=G_T_4
BASEFAMILY=1d4de00f-9386-4dee-8a0c-388a21ceaf6b.fam
OBJECTMODELPOINTER=53c412d9-8331-4607-943a-55b670cc299a.dev
TRANSFORMMATRIX=1,0,0,0,0,1,0,0,0,0,1,0,44999.5227349311,181499.684237367,0,1
SUBDEVICES.NUM=0
SUBLOGICALMODELS.NUM=0
