ENTITYNAME=F4System
SYSCLASSIFYNAME=G_J_2
BASEFAMILY=550ebc2b-e83d-43be-97e8-eed0f086a2d7.fam
OBJECTMODELPOINTER=65576b45-87f1-456b-ad7e-f78ed76463fe.dev
TRANSFORMMATRIX=1,0,0,0,0,1,0,0,0,0,1,0,207069.564322512,4999.53316666318,0,1
SUBDEVICES.NUM=0
SUBLOGICALMODELS.NUM=0
