ENTITYNAME=F4System
SYSCLASSIFYNAME=G_T_4
BASEFAMILY=1656e056-8707-44b0-87de-5f3993ac2ca6.fam
OBJECTMODELPOINTER=1656e056-8707-44b0-87de-5f3993ac2ca6.dev
TRANSFORMMATRIX=-1,1.22464679914735E-16,0,0,-1.22464679914735E-16,-1,0,0,0,0,1,0,117099.522736981,80200.443240527,0,1
SUBDEVICES.NUM=0
SUBLOGICALMODELS.NUM=0
