ENTITYNAME=F4System
SYSCLASSIFYNAME=P_K_2
BASEFAMILY=46990efe-53ae-427a-bd4e-3e7d01648b8e.fam
OBJECTMODELPOINTER=53c7c2f2-18de-4212-a736-8f7474b072cd.dev
TRANSFORMMATRIX=-9.70730879714031E-14,-0.996492021981957,0.0836878134874502,0,1,0,0,0,0,0.0836878134874502,0.996492021981957,0,145000,27777.3993702131,16261.0883521683,1
SUBDEVICES.NUM=0
SUBLOGICALMODELS.NUM=0
