ENTITYNAME=F4System
SYSCLASSIFYNAME=2_8_0
BASEFAMILY=e23a208f-fb13-4494-a0fe-b84b08679d48.fam
OBJECTMODELPOINTER=54876b6a-2c7a-457a-80d8-685fe690d8fd.dev
TRANSFORMMATRIX=0.135891376653002,0.984516896692901,-0.110724946952041,0,0.990608057967634,-0.136732130421466,0,0,0.0151396578875563,0.109685024668731,0.993851088504947,0,66000,52788.739299681,18000,1
SUBDEVICES.NUM=0
SUBLOGICALMODELS.NUM=0
