ENTITYNAME=F4System
SYSCLASSIFYNAME=2_5_2
BASEFAMILY=f3721582-8627-426e-bfe8-bc404ca04b47.fam
OBJECTMODELPOINTER=54876b6a-2c7a-457a-80d8-685fe690d8fd.dev
TRANSFORMMATRIX=0.203015406370901,-0.949234459820786,0.24028875351293,0,0.977885069433656,0.209142991703604,0,0,-0.050254708782424,0.234974784413118,0.970701455101002,0,48699.5227369808,100950.443603033,2090,1
SUBDEVICES.NUM=0
SUBLOGICALMODELS.NUM=0
