ENTITYNAME=F4System
SYSCLASSIFYNAME=P_K_3
BASEFAMILY=29938591-1ab2-4883-8e0b-8236b4367025.fam
OBJECTMODELPOINTER=4341f697-acf0-406b-93e5-bcaf53691342.dev
TRANSFORMMATRIX=4.18299893446235E-14,-0.978851749832859,-0.20457089687722,0,1,0,0,0,0,-0.20457089687722,0.978851749832859,0,177000,51188.739299681,18000,1
SUBDEVICES.NUM=0
SUBLOGICALMODELS.NUM=0
