ENTITYNAME=F4System
SYSCLASSIFYNAME=P_K_1
BASEFAMILY=731a4a11-ff29-4b3a-9696-552fa71552ff.fam
OBJECTMODELPOINTER=7d2e69ca-7e99-4ddd-aa33-2bfb78029162.dev
TRANSFORMMATRIX=-1.35208046366458E-14,0.97885174983286,-0.204570896877218,0,1,0,0,0,0,0.204570896877218,0.978851749832859,0,71000,16867.0474396676,17983.6343282498,1
SUBDEVICES.NUM=0
SUBLOGICALMODELS.NUM=0
