ENTITYNAME=F4System
SYSCLASSIFYNAME=G_T_4
BASEFAMILY=18cba694-ef78-4112-850d-aadb4df86c50.fam
OBJECTMODELPOINTER=18cba694-ef78-4112-850d-aadb4df86c50.dev
TRANSFORMMATRIX=-1,1.22464679914735E-16,0,0,-1.22464679914735E-16,-1,0,0,0,0,1,0,200838.944193101,47000.4432405735,0,1
SUBDEVICES.NUM=0
SUBLOGICALMODELS.NUM=0
