ENTITYNAME=F4System
SYSCLASSIFYNAME=P_K_1
BASEFAMILY=652b8073-770f-4d98-a547-4bd11e14de76.fam
OBJECTMODELPOINTER=54876b6a-2c7a-457a-80d8-685fe690d8fd.dev
TRANSFORMMATRIX=-0.0474135853032392,0.992628404567994,-0.111538344857235,0,0.99886116757302,0.047711297557944,0,0,-0.00532163916060412,0.11141132137326,0.993760130829623,0,96000,52788.739299681,18000,1
SUBDEVICES.NUM=0
SUBLOGICALMODELS.NUM=0
