ENTITYNAME=F4System
SYSCLASSIFYNAME=P_K_1
BASEFAMILY=740c58f4-24b2-4d74-8f1e-3010de322285.fam
OBJECTMODELPOINTER=3865937e-64cb-4f8b-be64-e7d4675a9875.dev
TRANSFORMMATRIX=0.0800128938039866,-0.559400545482626,-0.825026645956876,0,0.989925068414031,0.141592227630887,0,0,0.116817360655873,-0.816714558942259,0.565093827130634,0,71429.5905674714,48985.3018155105,6947.78255707455,1
SUBDEVICES.NUM=0
SUBLOGICALMODELS.NUM=0
