ENTITYNAME=F4System
SYSCLASSIFYNAME=P_K_0
BASEFAMILY=21615058-6beb-420e-ab28-9a1566ce78b5.fam
OBJECTMODELPOINTER=21615058-6beb-420e-ab28-9a1566ce78b5.dev
TRANSFORMMATRIX=-4.52492862786022E-14,-0.978455439052213,-0.206458116307258,0,1,0,0,0,0,-0.206458116307258,0.978455439052213,0,204002.263055386,153999.610512963,26021.0710678119,1
SUBDEVICES.NUM=0
SUBLOGICALMODELS.NUM=0
