ENTITYNAME=F4System
SYSCLASSIFYNAME=P_K_1
BASEFAMILY=3b5e2ae2-0542-444a-b83f-6b4e6a2d927e.fam
OBJECTMODELPOINTER=3865937e-64cb-4f8b-be64-e7d4675a9875.dev
TRANSFORMMATRIX=-0.169365441168828,-0.147568997235216,0.974442783539743,0,0.656925429978341,-0.75395555535308,0,0,0.734686550023508,0.640136244566137,0.224635842214279,0,106571.281938925,98623.9354423079,9763.08913818512,1
SUBDEVICES.NUM=0
SUBLOGICALMODELS.NUM=0
