ENTITYNAME=F4System
SYSCLASSIFYNAME=G_J_2
BASEFAMILY=941f3bca-5374-4e2b-af99-ed01e2696d5b.fam
OBJECTMODELPOINTER=8d19c434-e3db-4ef3-a5a5-696fed9926b8.dev
TRANSFORMMATRIX=1,0,0,0,0,1,0,0,0,0,1,0,42749.12931019,197999.610512918,-9.31322574615479E-11,1
SUBDEVICES.NUM=0
SUBLOGICALMODELS.NUM=0
