ENTITYNAME=F4System
SYSCLASSIFYNAME=G_S_1
BASEFAMILY=86f1b324-229a-4b8d-8745-e4bfcbcc58c9.fam
OBJECTMODELPOINTER=7677bbe9-59b5-4df8-a375-e111555717d5.dev
TRANSFORMMATRIX=1,0,0,0,0,1,0,0,0,0,1,0,72499.5228562087,78792.4064827573,0,1
SUBDEVICES.NUM=4
SUBDEVICE0=dcac8772-c97f-4e24-88d9-11acaf2df0ae.cbm
SUBDEVICE1=d4c64dec-8ea2-4f3b-a8e9-ebec84effbed.cbm
SUBDEVICE2=2a1f3a73-e41b-45f8-ba46-62ba92880170.cbm
SUBDEVICE3=65f84fb6-9d6d-40b9-9271-1e3f8d78a78d.cbm
SUBLOGICALMODELS.NUM=0
