ENTITYNAME=F4System
SYSCLASSIFYNAME=P_H_0
BASEFAMILY=5e9ad98a-dc7f-41c3-9a65-fbb87e9767de.fam
OBJECTMODELPOINTER=8e254d87-904c-46cc-a3f5-1c261bf23209.dev
TRANSFORMMATRIX=1,0,0,0,0,1,0,0,0,0,1,0,99299.3542562604,91500.0639834773,6582,1
SUBDEVICES.NUM=0
SUBLOGICALMODELS.NUM=0
