ENTITYNAME=F4System
SYSCLASSIFYNAME=P_H_1
BASEFAMILY=40b68744-ed5a-4cf2-9b8d-85988b194dbc.fam
OBJECTMODELPOINTER=8e254d87-904c-46cc-a3f5-1c261bf23209.dev
TRANSFORMMATRIX=1,0,0,0,0,1,0,0,0,0,1,0,109299.35425626,88500.0639834773,6582,1
SUBDEVICES.NUM=0
SUBLOGICALMODELS.NUM=0
