ENTITYNAME=F4System
SYSCLASSIFYNAME=P_K_1
BASEFAMILY=10908dc6-1bdf-4dde-ae54-d88f203d7a79.fam
OBJECTMODELPOINTER=242a9ab8-72e9-445c-8431-1b550c6a2727.dev
TRANSFORMMATRIX=0.0468261448486431,-0.98033002895413,-0.191729878968846,0,0.99886116757302,0.047711297557944,0,0,0.00914768130623119,-0.191511530765455,0.98144773345838,0,93840.0011715263,98009.4535161706,19424.8103630935,1
SUBDEVICES.NUM=0
SUBLOGICALMODELS.NUM=0
