ENTITYNAME=F4System
SYSCLASSIFYNAME=P_K_3
BASEFAMILY=287086d4-6059-4dc4-9488-a755b778915e.fam
OBJECTMODELPOINTER=53c7c2f2-18de-4212-a736-8f7474b072cd.dev
TRANSFORMMATRIX=6.35110654395154E-15,-0.996963369817925,-0.0778719412965167,0,1,0,0,0,0,-0.0778719412965167,0.996963369817925,0,173500,39765.6905424752,16225.8829840113,1
SUBDEVICES.NUM=0
SUBLOGICALMODELS.NUM=0
