ENTITYNAME=F4System
SYSCLASSIFYNAME=P_K_1
BASEFAMILY=9ee2e9bd-d87c-4d33-b144-33ba78b0ef54.fam
OBJECTMODELPOINTER=21615058-6beb-420e-ab28-9a1566ce78b5.dev
TRANSFORMMATRIX=-2.71618886801647E-14,-0.978442028793515,-0.20652166058414,0,-1,0,0,0,0,-0.20652166058414,0.978442028793515,0,96004.2333630031,188674.610512964,26021.0710678119,1
SUBDEVICES.NUM=0
SUBLOGICALMODELS.NUM=0
