ENTITYNAME=F4System
SYSCLASSIFYNAME=3_1_1
BASEFAMILY=afa78024-b3be-4885-af8d-76a22ae8a234.fam
OBJECTMODELPOINTER=77c93bee-6b51-448c-bffc-3e5ae776b443.dev
TRANSFORMMATRIX=6.12323399573677E-17,0,-1,0,0,1,0,0,1,0,6.12323399573677E-17,0,74500,15988.739299681,17900,1
SUBDEVICES.NUM=0
SUBLOGICALMODELS.NUM=0
