ENTITYNAME=F4System
SYSCLASSIFYNAME=G_J_2
BASEFAMILY=1a2f653b-e1d1-4db9-b857-ae173ecc2a7b.fam
OBJECTMODELPOINTER=8d19c434-e3db-4ef3-a5a5-696fed9926b8.dev
TRANSFORMMATRIX=1,0,0,0,0,1,0,0,0,0,1,0,132749.12931019,197999.610512918,-9.31322574615479E-11,1
SUBDEVICES.NUM=0
SUBLOGICALMODELS.NUM=0
