ENTITYNAME=F4System
SYSCLASSIFYNAME=P_K_1
BASEFAMILY=2d6e412f-3b1e-4366-a8c8-365ec2835993.fam
OBJECTMODELPOINTER=53c7c2f2-18de-4212-a736-8f7474b072cd.dev
TRANSFORMMATRIX=1.03678951566869E-14,-0.982583751803003,0.185820264483546,0,1,0,0,0,0,0.185820264483546,0.982583751803003,0,21000,-4263.17371913671,17893.5213536601,1
SUBDEVICES.NUM=0
SUBLOGICALMODELS.NUM=0
