ENTITYNAME=F4System
SYSCLASSIFYNAME=G_Y_1
BASEFAMILY=071d6c9d-a4c3-4758-98c7-f8bc696e2709.fam
OBJECTMODELPOINTER=c68917fc-78c3-4117-90c9-b7cd4de6ecf4.dev
TRANSFORMMATRIX=1,0,0,0,0,1,0,0,0,0,1,0,156001.390718329,182512.944035674,0,1
SUBDEVICES.NUM=2
SUBDEVICE0=43d26744-bec1-4dc6-8ca3-64017fdf55e4.cbm
SUBDEVICE1=4541e4f3-7576-464b-9baf-e758220a8162.cbm
SUBLOGICALMODELS.NUM=0
