ENTITYNAME=F4System
SYSCLASSIFYNAME=P_K_1
BASEFAMILY=52a495cb-60cf-4f06-988f-d15d29789dd5.fam
OBJECTMODELPOINTER=3865937e-64cb-4f8b-be64-e7d4675a9875.dev
TRANSFORMMATRIX=-0.000232110208139362,-0.653657852245898,0.756790167960797,0,0.999999936954008,-0.000355094324506336,0,0,0.000268731893485076,0.75679012024821,0.653657893456408,0,40981.9628360514,12239.7717379986,17025.7068091258,1
SUBDEVICES.NUM=0
SUBLOGICALMODELS.NUM=0
