ENTITYNAME=F4System
SYSCLASSIFYNAME=P_K_2
BASEFAMILY=7acda00a-b4d5-454e-bd7b-1e11ccbbdab2.fam
OBJECTMODELPOINTER=878faf34-e1c0-44bf-9b6a-83b85c5c8040.dev
TRANSFORMMATRIX=-5.40832185465833E-14,0.97885174983286,-0.204570896877218,0,1,0,0,0,0,0.204570896877218,0.978851749832859,0,99500,16788.739299681,18000,1
SUBDEVICES.NUM=0
SUBLOGICALMODELS.NUM=0
