ENTITYNAME=F4System
SYSCLASSIFYNAME=4_4_2
BASEFAMILY=60c89d76-a528-42bd-ae07-c123b2d54ac4.fam
OBJECTMODELPOINTER=ebc657b5-e35e-4bad-8815-d8faa8c71e50.dev
TRANSFORMMATRIX=-0.876164863514834,-0.000205684683280578,-0.482011503634346,0,0.000234755679270261,-0.999999972444885,0,0,-0.482011490352464,-0.000113154937951761,0.876164887657658,0,17995.0000002375,5000.00000000019,7496,1
SUBDEVICES.NUM=0
SUBLOGICALMODELS.NUM=0
