ENTITYNAME=F4System
SYSCLASSIFYNAME=P_K_1
BASEFAMILY=833e5e20-80f3-479c-b0e4-98226d6dd711.fam
OBJECTMODELPOINTER=3865937e-64cb-4f8b-be64-e7d4675a9875.dev
TRANSFORMMATRIX=-0.202756501490547,-0.745213270586358,-0.635253478892715,0,0.964922559304671,-0.262534673033722,0,0,-0.166776064374633,-0.612970412660355,0.772303708106275,0,103518.70595248,54362.1967935052,15724.5775388836,1
SUBDEVICES.NUM=0
SUBLOGICALMODELS.NUM=0
