ENTITYNAME=F4System
SYSCLASSIFYNAME=G_T_4
BASEFAMILY=8ec05f44-00d3-46f0-8904-ba8db21941fd.fam
OBJECTMODELPOINTER=8ec05f44-00d3-46f0-8904-ba8db21941fd.dev
TRANSFORMMATRIX=-1,1.22464679914735E-16,0,0,-1.22464679914735E-16,-1,0,0,0,0,1,0,113899.522736981,80200.443240527,0,1
SUBDEVICES.NUM=0
SUBLOGICALMODELS.NUM=0
