ENTITYNAME=F4System
SYSCLASSIFYNAME=P_K_1
BASEFAMILY=6ddbc896-e82f-4649-b84a-8b4db7b0d591.fam
OBJECTMODELPOINTER=3865937e-64cb-4f8b-be64-e7d4675a9875.dev
TRANSFORMMATRIX=-0.0868129596910262,-0.995603633039643,0.0351698152959159,0,0.996219943827929,-0.0868666997155877,0,0,0.00305508578436301,0.035036871418536,0.999381350682537,0,174628.275836114,65728.2304252341,16965.7192438124,1
SUBDEVICES.NUM=0
SUBLOGICALMODELS.NUM=0
