ENTITYNAME=F4System
SYSCLASSIFYNAME=P_K_1
BASEFAMILY=7dd03f50-4a1d-4771-8cdc-a8f9c37d27c3.fam
OBJECTMODELPOINTER=3865937e-64cb-4f8b-be64-e7d4675a9875.dev
TRANSFORMMATRIX=-9.79379093075123E-14,-0.562349899261814,-0.826899383722245,0,1,0,0,0,0,-0.826899383722245,0.562349899261814,0,74500,48978.5785744106,6937.88029986156,1
SUBDEVICES.NUM=0
SUBLOGICALMODELS.NUM=0
