ENTITYNAME=F4System
SYSCLASSIFYNAME=P_H_1
BASEFAMILY=9ff03560-e01f-4927-813b-b1fe151e23d3.fam
OBJECTMODELPOINTER=8e254d87-904c-46cc-a3f5-1c261bf23209.dev
TRANSFORMMATRIX=1,0,0,0,0,1,0,0,0,0,1,0,104999.545127112,84299.9969065852,6582,1
SUBDEVICES.NUM=0
SUBLOGICALMODELS.NUM=0
