ENTITYNAME=F4System
SYSCLASSIFYNAME=P_K_1
BASEFAMILY=040346f2-0046-43e4-a6a7-76818dfc2c58.fam
OBJECTMODELPOINTER=3865937e-64cb-4f8b-be64-e7d4675a9875.dev
TRANSFORMMATRIX=-0.0878642622427043,-0.122578640412941,0.988561757471459,0,0.812766150409738,-0.582590065782224,0,0,0.575926259315088,0.803469534062363,0.150816616010769,0,94313.7192231549,98074.3267204192,13725.6744013814,1
SUBDEVICES.NUM=0
SUBLOGICALMODELS.NUM=0
