ENTITYNAME=F4System
SYSCLASSIFYNAME=G_J_1
BASEFAMILY=153156c3-3953-45fa-9629-453f85a441c3.fam
OBJECTMODELPOINTER=347de0dc-b7d8-4585-8516-fcd310d40749.dev
TRANSFORMMATRIX=6.12323399573677E-17,1,0,0,-1,6.12323399573677E-17,0,0,0,0,1,0,182985.643376757,182498.458837614,20085.0000000017,1
SUBDEVICES.NUM=0
SUBLOGICALMODELS.NUM=0
