ENTITYNAME=F4System
SYSCLASSIFYNAME=G_J_2
BASEFAMILY=6d0f5ff6-0061-44e2-a0dd-79da6a5cf127.fam
OBJECTMODELPOINTER=65576b45-87f1-456b-ad7e-f78ed76463fe.dev
TRANSFORMMATRIX=1,0,0,0,0,1,0,0,0,0,1,0,87499.9999999996,33500.1706479003,0,1
SUBDEVICES.NUM=0
SUBLOGICALMODELS.NUM=0
