ENTITYNAME=F4System
SYSCLASSIFYNAME=P_K_3
BASEFAMILY=250aff3d-5362-43da-ba94-bba8960e8a97.fam
OBJECTMODELPOINTER=53c7c2f2-18de-4212-a736-8f7474b072cd.dev
TRANSFORMMATRIX=-1.24978294459095E-13,-0.996492021981957,0.0836878134874502,0,1,0,0,0,0,0.0836878134874502,0.996492021981957,0,182000,27777.3993702131,16261.0883521683,1
SUBDEVICES.NUM=0
SUBLOGICALMODELS.NUM=0
