ENTITYNAME=F4System
SYSCLASSIFYNAME=P_K_4
BASEFAMILY=9a0a4a94-8909-461e-87aa-5beb42f6ea4c.fam
OBJECTMODELPOINTER=878faf34-e1c0-44bf-9b6a-83b85c5c8040.dev
TRANSFORMMATRIX=8.79064714692993E-15,-0.986678164442782,-0.162684356383221,0,1,0,0,0,0,-0.162684356383221,0.986678164442782,0,12500,15188.739299681,18000,1
SUBDEVICES.NUM=0
SUBLOGICALMODELS.NUM=0
