ENTITYNAME=F4System
SYSCLASSIFYNAME=4_4_2
BASEFAMILY=654c05e9-912f-45bb-ab51-eb5846fe11d7.fam
OBJECTMODELPOINTER=d200fb71-f6b0-4c8a-920c-a8beeb11117b.dev
TRANSFORMMATRIX=0,0.99824538028611,-0.0592128426731883,0,1,0,0,0,0,0.0592128426731883,0.99824538028611,0,15500,24491.0427171186,6887.00000000001,1
SUBDEVICES.NUM=0
SUBLOGICALMODELS.NUM=0
