ENTITYNAME=F4System
SYSCLASSIFYNAME=G_J_2
BASEFAMILY=0eb280b4-9f7b-4289-8508-751d61a485da.fam
OBJECTMODELPOINTER=8d19c434-e3db-4ef3-a5a5-696fed9926b8.dev
TRANSFORMMATRIX=1,0,0,0,0,1,0,0,0,0,1,0,152749.12931019,197999.610512918,-9.31322574615479E-11,1
SUBDEVICES.NUM=0
SUBLOGICALMODELS.NUM=0
