ENTITYNAME=F4System
SYSCLASSIFYNAME=P_K_1
BASEFAMILY=1cf269eb-e4e9-427d-8a13-22d1e277721e.fam
OBJECTMODELPOINTER=878faf34-e1c0-44bf-9b6a-83b85c5c8040.dev
TRANSFORMMATRIX=0.12688297536751,0.985704964756837,-0.110844183499229,0,0.991816740732983,-0.127669701972719,0,0,0.014151443872756,0.109937116807414,0.993837797120028,0,99500,52788.739299681,18000,1
SUBDEVICES.NUM=0
SUBLOGICALMODELS.NUM=0
