ENTITYNAME=F4System
SYSCLASSIFYNAME=P_K_3
BASEFAMILY=6a1d6901-bb7e-494f-90ab-5d1641f3e088.fam
OBJECTMODELPOINTER=53c7c2f2-18de-4212-a736-8f7474b072cd.dev
TRANSFORMMATRIX=-1.25110546622544E-13,-0.996492021981957,0.0836878134874502,0,1,0,0,0,0,0.0836878134874502,0.996492021981957,0,170000,27777.3993702131,16261.0883521683,1
SUBDEVICES.NUM=0
SUBLOGICALMODELS.NUM=0
