ENTITYNAME=F4System
SYSCLASSIFYNAME=G_T_4
BASEFAMILY=53c412d9-8331-4607-943a-55b670cc299a.fam
OBJECTMODELPOINTER=53c412d9-8331-4607-943a-55b670cc299a.dev
TRANSFORMMATRIX=1,0,0,0,0,1,0,0,0,0,1,0,107983.881969407,186999.202829324,0,1
SUBDEVICES.NUM=0
SUBLOGICALMODELS.NUM=0
