ENTITYNAME=F4System
SYSCLASSIFYNAME=P_K_1
BASEFAMILY=54c258d0-dce8-4a8c-9da6-f366dfbbb054.fam
OBJECTMODELPOINTER=43bfa588-1ed8-4c78-ba86-3370947c958b.dev
TRANSFORMMATRIX=3.74939945665465E-33,6.12323399573677E-17,-1,0,-1,6.12323399573677E-17,0,0,6.12323399573677E-17,1,6.12323399573677E-17,0,91000,16001.739299681,17820,1
SUBDEVICES.NUM=0
SUBLOGICALMODELS.NUM=0
