ENTITYNAME=F4System
SYSCLASSIFYNAME=P_K_1
BASEFAMILY=9ae75eb6-ce9d-4c3c-983a-5484bf5cef07.fam
OBJECTMODELPOINTER=3865937e-64cb-4f8b-be64-e7d4675a9875.dev
TRANSFORMMATRIX=-0.0965095520899501,-0.134639606366599,0.986183594850799,0,0.812766150409738,-0.582590065782224,0,0,0.574540765397477,0.80153664398412,0.16565602085996,0,94497.6928425381,98330.9866588311,11750.7619011968,1
SUBDEVICES.NUM=0
SUBLOGICALMODELS.NUM=0
