ENTITYNAME=F4System
SYSCLASSIFYNAME=G_J_2
BASEFAMILY=256436c4-4f1d-46e2-bae6-0d5b364d0656.fam
OBJECTMODELPOINTER=0efb089a-affa-47c6-a483-8cabf0c58502.dev
TRANSFORMMATRIX=1,0,0,0,0,1,0,0,0,0,1,0,49499.522652027,72992.4086650953,0,1
SUBDEVICES.NUM=0
SUBLOGICALMODELS.NUM=0
