ENTITYNAME=F4System
SYSCLASSIFYNAME=G_J_2
BASEFAMILY=227bb5d8-5806-44c9-9f57-3d3c96cf2cd7.fam
OBJECTMODELPOINTER=65576b45-87f1-456b-ad7e-f78ed76463fe.dev
TRANSFORMMATRIX=1,0,0,0,0,1,0,0,0,0,1,0,27999.9932746482,4999.53316666318,0,1
SUBDEVICES.NUM=0
SUBLOGICALMODELS.NUM=0
