ENTITYNAME=F4System
SYSCLASSIFYNAME=P_K_1
BASEFAMILY=6068c26b-fe28-411e-b096-cd9bb6e9e6a6.fam
OBJECTMODELPOINTER=53c7c2f2-18de-4212-a736-8f7474b072cd.dev
TRANSFORMMATRIX=2.3347826373186E-14,-0.999550700962046,0.0299732581859645,0,1,0,0,0,0,0.0299732581859645,0.999550700962046,0,62500,31770.9206604664,16033.5192323538,1
SUBDEVICES.NUM=0
SUBLOGICALMODELS.NUM=0
