ENTITYNAME=F4System
SYSCLASSIFYNAME=G_J_2
BASEFAMILY=99b3ee37-c23a-4ab0-be39-41ec1877a73b.fam
OBJECTMODELPOINTER=65576b45-87f1-456b-ad7e-f78ed76463fe.dev
TRANSFORMMATRIX=1,0,0,0,0,1,0,0,0,0,1,0,15999.9932746482,4999.53316666318,0,1
SUBDEVICES.NUM=0
SUBLOGICALMODELS.NUM=0
