ENTITYNAME=F4System
SYSCLASSIFYNAME=G_S_7
BASEFAMILY=820577e9-1065-478e-aaba-bcd1ae7b0d3a.fam
OBJECTMODELPOINTER=4ee1fb19-1607-4b7c-b39c-3008eaabf7fa.dev
TRANSFORMMATRIX=6.12323399573677E-17,-1,0,0,1,6.12323399573677E-17,0,0,0,0,1,0,192008.68141898,26819.966762868,881.382055636664,1
SUBDEVICES.NUM=0
SUBLOGICALMODELS.NUM=0
