ENTITYNAME=F4System
SYSCLASSIFYNAME=G_T_4
BASEFAMILY=0592576b-456a-4ca6-a3ab-8b508c930a69.fam
OBJECTMODELPOINTER=53c412d9-8331-4607-943a-55b670cc299a.dev
TRANSFORMMATRIX=1,0,0,0,0,1,0,0,0,0,1,0,74989.8250094437,140999.61051294,0,1
SUBDEVICES.NUM=0
SUBLOGICALMODELS.NUM=0
