ENTITYNAME=F4System
SYSCLASSIFYNAME=P_K_1
BASEFAMILY=4f07ec75-b71c-4a87-a1e1-37f5b239f16b.fam
OBJECTMODELPOINTER=21615058-6beb-420e-ab28-9a1566ce78b5.dev
TRANSFORMMATRIX=0,-0.978442028793515,-0.20652166058414,0,-1,0,0,0,0,-0.20652166058414,0.978442028793515,0,115499.455737821,188674.610512964,26021.0710678119,1
SUBDEVICES.NUM=0
SUBLOGICALMODELS.NUM=0
