ENTITYNAME=F4System
SYSCLASSIFYNAME=G_J_2
BASEFAMILY=95c093a8-242f-4671-bc63-3f7a24c8e2c1.fam
OBJECTMODELPOINTER=65576b45-87f1-456b-ad7e-f78ed76463fe.dev
TRANSFORMMATRIX=1,0,0,0,0,1,0,0,0,0,1,0,126999.993274648,4999.53316666318,0,1
SUBDEVICES.NUM=0
SUBLOGICALMODELS.NUM=0
