ENTITYNAME=F4System
SYSCLASSIFYNAME=G_T_4
BASEFAMILY=0ddf27f6-4cbd-45dd-ba09-041704ca661c.fam
OBJECTMODELPOINTER=0ddf27f6-4cbd-45dd-ba09-041704ca661c.dev
TRANSFORMMATRIX=1,0,0,0,0,-1,0,0,0,0,1,0,18488.9441931015,50900.4432405735,0,1
SUBDEVICES.NUM=0
SUBLOGICALMODELS.NUM=0
