ENTITYNAME=F4System
SYSCLASSIFYNAME=P_K_3
BASEFAMILY=3d68739a-e76d-4950-8cc6-a0b69549aa63.fam
OBJECTMODELPOINTER=54876b6a-2c7a-457a-80d8-685fe690d8fd.dev
TRANSFORMMATRIX=7.18292746321817E-15,-0.978851749832859,-0.20457089687722,0,1,0,0,0,0,-0.20457089687722,0.978851749832859,0,173500,51188.739299681,18000,1
SUBDEVICES.NUM=0
SUBLOGICALMODELS.NUM=0
