ENTITYNAME=F4System
SYSCLASSIFYNAME=P_K_2
BASEFAMILY=8998fdf4-b1bc-418f-ad77-ac52fa4d0019.fam
OBJECTMODELPOINTER=3865937e-64cb-4f8b-be64-e7d4675a9875.dev
TRANSFORMMATRIX=-2.72848410531879E-14,4.29069752813964E-14,1,0,-1,0,-2.72848410531878E-14,0,-1.17071000062596E-27,-1,4.29069752813964E-14,0,102894.538861288,43993.0427171186,14286.3524824253,1
SUBDEVICES.NUM=0
SUBLOGICALMODELS.NUM=0
