ENTITYNAME=F4System
SYSCLASSIFYNAME=G_J_1
BASEFAMILY=1b200cb4-1d2f-4de7-a480-a109cfbc26f2.fam
OBJECTMODELPOINTER=347de0dc-b7d8-4585-8516-fcd310d40749.dev
TRANSFORMMATRIX=6.12323399573677E-17,1,0,0,-1,6.12323399573677E-17,0,0,0,0,1,0,156009.981780218,169500.762188283,20085.0000000017,1
SUBDEVICES.NUM=0
SUBLOGICALMODELS.NUM=0
