ENTITYNAME=F4System
SYSCLASSIFYNAME=P_K_1
BASEFAMILY=2e6d3e17-3cc7-41a4-9a52-246b967801d1.fam
OBJECTMODELPOINTER=4341f697-acf0-406b-93e5-bcaf53691342.dev
TRANSFORMMATRIX=-1.35208046366458E-14,0.97885174983286,-0.204570896877218,0,1,0,0,0,0,0.204570896877218,0.978851749832859,0,59000,16788.739299681,18000,1
SUBDEVICES.NUM=0
SUBLOGICALMODELS.NUM=0
