ENTITYNAME=F4System
SYSCLASSIFYNAME=P_K_1
BASEFAMILY=102c15a9-e72d-44d5-8dbc-772b3feb2e04.fam
OBJECTMODELPOINTER=3865937e-64cb-4f8b-be64-e7d4675a9875.dev
TRANSFORMMATRIX=-0.29153697472333,-0.955195472749247,-0.051066634983232,0,0.956443393982345,-0.291917855068053,0,0,-0.0149072625498483,-0.0488423456826199,0.998695248207124,0,110877.859872914,78599.860145341,17082.4446908716,1
SUBDEVICES.NUM=0
SUBLOGICALMODELS.NUM=0
