ENTITYNAME=F4System
SYSCLASSIFYNAME=3_2_4
BASEFAMILY=e720101d-71bd-43d2-89e1-9d892fa323ad.fam
OBJECTMODELPOINTER=77c93bee-6b51-448c-bffc-3e5ae776b443.dev
TRANSFORMMATRIX=6.12323399573677E-17,0,-1,0,0,1,0,0,1,0,6.12323399573677E-17,0,164000,15988.739299681,17900,1
SUBDEVICES.NUM=0
SUBLOGICALMODELS.NUM=0
