ENTITYNAME=F4System
SYSCLASSIFYNAME=P_K_1
BASEFAMILY=986ccfc7-9a87-4dfa-9319-0515695cb91b.fam
OBJECTMODELPOINTER=3865937e-64cb-4f8b-be64-e7d4675a9875.dev
TRANSFORMMATRIX=-1.1525446054911E-13,-0.837584248363825,-0.546308179412322,0,1,0,0,0,0,-0.546308179412322,0.837584248363825,0,102500,37814.3397877145,7705.19788205912,1
SUBDEVICES.NUM=0
SUBLOGICALMODELS.NUM=0
