ENTITYNAME=F4System
SYSCLASSIFYNAME=P_K_8
BASEFAMILY=3d48ffd2-413c-4184-9564-af4b6c3e8f5f.fam
OBJECTMODELPOINTER=21615058-6beb-420e-ab28-9a1566ce78b5.dev
TRANSFORMMATRIX=9.05396289338841E-14,0.978442028793516,-0.206521660584134,0,-1,0,0,0,0,0.206521660584134,0.978442028793516,0,142499.252565753,162999.610512965,26021.0710678119,1
SUBDEVICES.NUM=0
SUBLOGICALMODELS.NUM=0
