ENTITYNAME=F4System
SYSCLASSIFYNAME=3_3_2
BASEFAMILY=9164efc0-b270-47b1-9253-a0db074c81a3.fam
OBJECTMODELPOINTER=77c93bee-6b51-448c-bffc-3e5ae776b443.dev
TRANSFORMMATRIX=6.12323399573677E-17,0,-1,0,0,1,0,0,1,0,6.12323399573677E-17,0,214000,15988.739299681,17900,1
SUBDEVICES.NUM=0
SUBLOGICALMODELS.NUM=0
