ENTITYNAME=F4System
SYSCLASSIFYNAME=G_T_4
BASEFAMILY=908d20c4-24f8-4025-bae1-9ca7d810bd5e.fam
OBJECTMODELPOINTER=908d20c4-24f8-4025-bae1-9ca7d810bd5e.dev
TRANSFORMMATRIX=-1,1.22464679914735E-16,0,0,-1.22464679914735E-16,-1,0,0,0,0,1,0,199238.944193101,47000.4432405735,0,1
SUBDEVICES.NUM=0
SUBLOGICALMODELS.NUM=0
