ENTITYNAME=F4System
SYSCLASSIFYNAME=P_K_8
BASEFAMILY=9552699f-b5bf-4e2e-a60b-3440f67d5573.fam
OBJECTMODELPOINTER=3865937e-64cb-4f8b-be64-e7d4675a9875.dev
TRANSFORMMATRIX=0.000124417922616401,-0.999458104456864,-0.032916287088188,0,0.999999992251695,0.00012448537939484,0,0,4.09759648644255E-06,-0.0329162868331425,0.999458112200971,0,173499.70168685,35996.5415993296,6738.79328796541,1
SUBDEVICES.NUM=0
SUBLOGICALMODELS.NUM=0
