ENTITYNAME=F4System
SYSCLASSIFYNAME=G_S_7
BASEFAMILY=58848b43-8464-454c-8abf-16f7b3872f49.fam
OBJECTMODELPOINTER=58848b43-8464-454c-8abf-16f7b3872f49.dev
TRANSFORMMATRIX=6.12323399573677E-17,1,0,0,-1,6.12323399573677E-17,0,0,0,0,1,0,101988.417174558,175999.610512964,0,1
SUBDEVICES.NUM=0
SUBLOGICALMODELS.NUM=0
