ENTITYNAME=F4System
SYSCLASSIFYNAME=P_K_1
BASEFAMILY=9357cd51-51c0-45e0-8f39-345a8e9dec5f.fam
OBJECTMODELPOINTER=3865937e-64cb-4f8b-be64-e7d4675a9875.dev
TRANSFORMMATRIX=8.33716594645894E-14,-0.353783733751891,-0.935327252747706,0,1,0,0,0,0,-0.935327252747706,0.353783733751891,0,12500,23228.234032558,6743.84493688252,1
SUBDEVICES.NUM=0
SUBLOGICALMODELS.NUM=0
