ENTITYNAME=F4System
SYSCLASSIFYNAME=G_T_4
BASEFAMILY=6d3882de-2365-4773-a04f-93048b39401a.fam
OBJECTMODELPOINTER=6d3882de-2365-4773-a04f-93048b39401a.dev
TRANSFORMMATRIX=1,0,0,0,0,1,0,0,0,0,1,0,84299.5171068817,130999.610513023,0,1
SUBDEVICES.NUM=0
SUBLOGICALMODELS.NUM=0
