ENTITYNAME=F4System
SYSCLASSIFYNAME=G_T_4
BASEFAMILY=07c1163b-22f4-40b4-b5bb-edfb27e2aebf.fam
OBJECTMODELPOINTER=07c1163b-22f4-40b4-b5bb-edfb27e2aebf.dev
TRANSFORMMATRIX=1,0,0,0,0,1,0,0,0,0,1,0,204038.944193101,48400.4432405735,0,1
SUBDEVICES.NUM=0
SUBLOGICALMODELS.NUM=0
