ENTITYNAME=F4System
SYSCLASSIFYNAME=G_V_1
BASEFAMILY=19d94dbc-4c46-4014-b7ef-69a3ddca1081.fam
OBJECTMODELPOINTER=9266b98b-c234-4698-bbd1-37428d07fd60.dev
TRANSFORMMATRIX=1,0,0,0,0,1,0,0,0,0,1,0,-12275.1319800997,55566.1703688493,0,1
SUBDEVICES.NUM=0
SUBLOGICALMODELS.NUM=0
