ENTITYNAME=F4System
SYSCLASSIFYNAME=P_K_1
BASEFAMILY=9230fb8e-2e64-4d20-ab95-6af84d44c657.fam
OBJECTMODELPOINTER=53c7c2f2-18de-4212-a736-8f7474b072cd.dev
TRANSFORMMATRIX=-3.36840073244656E-14,-0.991413500705821,-0.130764179415576,0,1,0,0,0,0,-0.130764179415576,0.991413500705821,0,78000,43743.8200028289,16643.598194012,1
SUBDEVICES.NUM=0
SUBLOGICALMODELS.NUM=0
