ENTITYNAME=F4System
SYSCLASSIFYNAME=3_2_3
BASEFAMILY=7baaf040-9e12-42d6-a7f4-e3a8fe4a5faa.fam
OBJECTMODELPOINTER=77c93bee-6b51-448c-bffc-3e5ae776b443.dev
TRANSFORMMATRIX=6.12323399573677E-17,0,-1,0,0,1,0,0,1,0,6.12323399573677E-17,0,160500,15988.739299681,17900,1
SUBDEVICES.NUM=0
SUBLOGICALMODELS.NUM=0
