ENTITYNAME=F4System
SYSCLASSIFYNAME=&HGI
BASEFAMILY=6f6bdbec-1273-4254-b2d5-12f841b1ef57.fam
OBJECTMODELPOINTER=3dced576-71e4-415f-be5b-84af82f4692a.dev
TRANSFORMMATRIX=-1,1.22464679914735E-16,0,0,-1.22464679914735E-16,-1,0,0,0,0,1,0,74500,29928.0427171186,0,1
SUBDEVICES.NUM=12
SUBDEVICE0=6b32800c-a7f0-4f2e-9ed7-d7ab021b4514.cbm
SUBDEVICE1=d65299ef-0dd8-44ee-9d81-d7a63dfa645f.cbm
SUBDEVICE2=e1b0f5e8-81e6-42d2-8a86-a0dcde85504b.cbm
SUBDEVICE3=b1b5cde5-79f4-42b9-b0a6-955f2d4b8663.cbm
SUBDEVICE4=e9469abe-5187-4375-b36c-0012062b2b5a.cbm
SUBDEVICE5=5892a533-5e80-470e-a5f9-b599b89602f5.cbm
SUBDEVICE6=2764b223-d278-4cc9-af4a-9a8b4d8e1bfa.cbm
SUBDEVICE7=7f2fcf7f-6ef8-481a-81f7-8a7c9b0c3981.cbm
SUBDEVICE8=2c92b4a1-dcb9-461b-be69-ec56ab7ed7e6.cbm
SUBDEVICE9=9ae66526-83a5-4406-bf00-824e843d953d.cbm
SUBDEVICE10=4262a3a3-28cb-484e-90bf-f2c55c7bf959.cbm
SUBDEVICE11=6ab31e10-64c5-46e1-93a0-8b0ce601fb87.cbm
SUBLOGICALMODELS.NUM=0
