ENTITYNAME=F4System
SYSCLASSIFYNAME=P_K_1
BASEFAMILY=033c1c56-017d-4c21-8984-d0bc1c368098.fam
OBJECTMODELPOINTER=3865937e-64cb-4f8b-be64-e7d4675a9875.dev
TRANSFORMMATRIX=4.59221811272223E-14,0.681700403187269,-0.73163143746993,0,-1,0,0,0,0,0.73163143746993,0.681700403187269,0,71500,35782.7255535092,7382.92198592841,1
SUBDEVICES.NUM=0
SUBLOGICALMODELS.NUM=0
