ENTITYNAME=F4System
SYSCLASSIFYNAME=G_J_1
BASEFAMILY=18e6b598-8647-4bc6-b95d-fa9c25b66f6d.fam
OBJECTMODELPOINTER=347de0dc-b7d8-4585-8516-fcd310d40749.dev
TRANSFORMMATRIX=-1.83697019872103E-16,1,0,0,1,1.83697019872103E-16,0,0,0,0,1,0,155927.280607276,147500.762188305,20085.0000000016,1
SUBDEVICES.NUM=0
SUBLOGICALMODELS.NUM=0
