ENTITYNAME=F4System
SYSCLASSIFYNAME=&HGI
BASEFAMILY=52e2e52e-8d01-4b5c-a746-1cb97af235be.fam
OBJECTMODELPOINTER=52e2e52e-8d01-4b5c-a746-1cb97af235be.dev
TRANSFORMMATRIX=1,0,0,0,0,1,0,0,0,0,1,0,115499.219799834,163879.610512969,0,1
SUBDEVICES.NUM=37
SUBDEVICE0=0fd4db69-74fc-4191-8ec3-61648e166b45.cbm
SUBDEVICE1=405cb209-38c2-429c-9cef-9d6a2d0b2f1f.cbm
SUBDEVICE2=7e886de7-9776-4bbe-9e72-5f6208f9f2b2.cbm
SUBDEVICE3=10552fcf-9e72-4cbe-8a57-3cbf68c2d634.cbm
SUBDEVICE4=086a4e63-7b7d-492b-bbfe-3b44ba176f2c.cbm
SUBDEVICE5=26288fa2-d42c-48a2-92bd-3362423231b5.cbm
SUBDEVICE6=9ef08330-9ad6-4d6a-91c1-31fb2c088757.cbm
SUBDEVICE7=af65c2e1-6e0f-47d1-bff5-8e1411c4f126.cbm
SUBDEVICE8=5a752209-3170-4363-805d-f3a21b33ad69.cbm
SUBDEVICE9=39220fe2-06d4-4e96-8dc2-ec42724c50a3.cbm
SUBDEVICE10=9c1bbf40-9dbd-48f6-bd9f-9178a1371419.cbm
SUBDEVICE11=9c4dfe54-d814-40e8-99eb-25f5cc1fb4f6.cbm
SUBDEVICE12=a122b32d-7750-4201-aca6-5ee598bb2ca8.cbm
SUBDEVICE13=52515c8d-5ee0-4a74-95a7-900700b46e79.cbm
SUBDEVICE14=ae40404f-d7fa-48c9-bce6-af3b6a6a691d.cbm
SUBDEVICE15=3b51f6d6-af33-491c-94e9-50710766e045.cbm
SUBDEVICE16=1a0b4acf-58bc-4357-b43f-e91c937e2ac3.cbm
SUBDEVICE17=dce118fb-fdb2-4e32-9c24-efa13216c9fe.cbm
SUBDEVICE18=1df9cb3d-a01e-4aec-9ec4-633645e40357.cbm
SUBDEVICE19=4a117c9e-d418-4b01-bf6d-1b19cd34c8cd.cbm
SUBDEVICE20=843729aa-bbef-4f9c-ac85-9e9caadb9666.cbm
SUBDEVICE21=a00a70bf-93d0-4783-9568-265fa915b71e.cbm
SUBDEVICE22=44a296e8-fe73-4575-a345-e8066e1af83c.cbm
SUBDEVICE23=778fc68a-391e-460a-abd9-8955f24a5a1c.cbm
SUBDEVICE24=66a851fa-00ee-4b70-80a3-63337fe2b0c1.cbm
SUBDEVICE25=b1551e57-9bea-4588-a3ae-be20b9bfb634.cbm
SUBDEVICE26=09096567-5b0c-44ee-ab61-86b6d6d5f5a5.cbm
SUBDEVICE27=c57e7392-cea8-4a8a-9540-70cc1e35bcfc.cbm
SUBDEVICE28=23f58d0e-bddc-486e-8539-9ad18d2b55c9.cbm
SUBDEVICE29=cbd35854-fc19-49ea-8980-7b29f3436fa7.cbm
SUBDEVICE30=bf552064-473f-46b9-9e18-2bc13335b785.cbm
SUBDEVICE31=33ae816f-46be-4960-bd74-853525ed65aa.cbm
SUBDEVICE32=962f66e7-3d91-41a4-be76-828c2918fc3a.cbm
SUBDEVICE33=83ab43a9-0810-440c-ac99-e5ea55553554.cbm
SUBDEVICE34=7e1db086-6deb-4bf5-9771-c08d4333b927.cbm
SUBDEVICE35=c8a9bb95-bbaa-4e0b-ba81-51c10bc337e4.cbm
SUBDEVICE36=48287003-ea1b-4435-a4e6-48003f77ee9a.cbm
SUBLOGICALMODELS.NUM=0
