ENTITYNAME=F4System
SYSCLASSIFYNAME=P_K_1
BASEFAMILY=61a50dd5-19b6-4569-ac5f-597eae62e572.fam
OBJECTMODELPOINTER=242a9ab8-72e9-445c-8431-1b550c6a2727.dev
TRANSFORMMATRIX=0.12688297536751,0.985704964756837,-0.110844183499229,0,0.991816740732983,-0.127669701972719,0,0,0.014151443872756,0.109937116807414,0.993837797120028,0,99880.6489261025,55745.8541939515,17667.4674495023,1
SUBDEVICES.NUM=0
SUBLOGICALMODELS.NUM=0
