ENTITYNAME=F4System
SYSCLASSIFYNAME=P_K_9
BASEFAMILY=4fd67641-36b3-4a87-8121-ebd47e0833d9.fam
OBJECTMODELPOINTER=878faf34-e1c0-44bf-9b6a-83b85c5c8040.dev
TRANSFORMMATRIX=-0.125331619747274,-0.973653080470413,-0.190503711202697,0,0.991816740732983,-0.127669701972719,0,0,-0.0243215520339453,-0.188944769942596,0.981686475417686,0,105699.522736794,100950.443603033,20000,1
SUBDEVICES.NUM=0
SUBLOGICALMODELS.NUM=0
