ENTITYNAME=F4System
SYSCLASSIFYNAME=G_J_2
BASEFAMILY=78ab5a1f-458b-444c-a61d-a66bcce7e81d.fam
OBJECTMODELPOINTER=8d19c434-e3db-4ef3-a5a5-696fed9926b8.dev
TRANSFORMMATRIX=1,0,0,0,0,1,0,0,0,0,1,0,191474.284919074,226500.580936953,4.94200000017735,1
SUBDEVICES.NUM=0
SUBLOGICALMODELS.NUM=0
