ENTITYNAME=F4System
SYSCLASSIFYNAME=P_K_1
BASEFAMILY=74e0ecb1-c924-4063-a297-13298c5ffbd4.fam
OBJECTMODELPOINTER=3865937e-64cb-4f8b-be64-e7d4675a9875.dev
TRANSFORMMATRIX=-0.291917788830893,-0.956443176961997,-0.000673651931409144,0,0.956443393982345,-0.291917855068053,0,0,-0.000196651026879409,-0.000644309939639724,0.999999773096512,0,108543.485621234,70951.4864904258,16875.3026255741,1
SUBDEVICES.NUM=0
SUBLOGICALMODELS.NUM=0
