ENTITYNAME=F4System
SYSCLASSIFYNAME=G_S_7
BASEFAMILY=6e1239bf-b8db-4247-bb48-bfce6b8fe44e.fam
OBJECTMODELPOINTER=8d96e76c-995b-4742-94a8-9260367e4299.dev
TRANSFORMMATRIX=6.12323399573677E-17,-1,0,0,1,6.12323399573677E-17,0,0,0,0,1,0,142000,23994.2928351788,2642.48245305371,1
SUBDEVICES.NUM=0
SUBLOGICALMODELS.NUM=0
