ENTITYNAME=F4System
SYSCLASSIFYNAME=4_4_2
BASEFAMILY=9dcf712a-7ee9-4db0-9343-f1a3fd68ecc1.fam
OBJECTMODELPOINTER=ebc657b5-e35e-4bad-8815-d8faa8c71e50.dev
TRANSFORMMATRIX=0.692088373253495,0.000162471680623987,-0.721812757722031,0,0.000234755679270261,-0.999999972444885,0,0,0.721812737832398,0.000169449644244976,0.69208839232407,0,16006.4077084393,4999.53316665307,7985.99999999999,1
SUBDEVICES.NUM=0
SUBLOGICALMODELS.NUM=0
