ENTITYNAME=F4System
SYSCLASSIFYNAME=P_K_8
BASEFAMILY=35809c58-f9a2-45f7-9cb6-5c35fe6f082d.fam
OBJECTMODELPOINTER=21615058-6beb-420e-ab28-9a1566ce78b5.dev
TRANSFORMMATRIX=1.26698001580085E-13,0.978455439052219,-0.20645811630723,0,1,0,0,0,0,0.20645811630723,0.978455439052219,0,115499.455737821,128312.610512964,26021.0710678119,1
SUBDEVICES.NUM=0
SUBLOGICALMODELS.NUM=0
