ENTITYNAME=F4System
SYSCLASSIFYNAME=G_S_7
BASEFAMILY=7b83806a-41b6-406e-b01b-38fb541eb75a.fam
OBJECTMODELPOINTER=7b83806a-41b6-406e-b01b-38fb541eb75a.dev
TRANSFORMMATRIX=6.12323399573677E-17,1,0,0,-1,6.12323399573677E-17,0,0,0,0,1,0,101988.916084293,175999.610329858,2661.99999999999,1
SUBDEVICES.NUM=0
SUBLOGICALMODELS.NUM=0
