ENTITYNAME=F4System
SYSCLASSIFYNAME=P_K_1
BASEFAMILY=6bc6becd-0634-44b4-ae98-d1c88f207e93.fam
OBJECTMODELPOINTER=53c7c2f2-18de-4212-a736-8f7474b072cd.dev
TRANSFORMMATRIX=2.9715415384055E-14,-0.999550700962046,0.0299732581859645,0,1,0,0,0,0,0.0299732581859645,0.999550700962046,0,71000,31770.9206604664,16033.5192323538,1
SUBDEVICES.NUM=0
SUBLOGICALMODELS.NUM=0
