ENTITYNAME=F4System
SYSCLASSIFYNAME=3_4_9
BASEFAMILY=4e7648d7-235b-4e04-919b-db9f141186b7.fam
OBJECTMODELPOINTER=77c93bee-6b51-448c-bffc-3e5ae776b443.dev
TRANSFORMMATRIX=6.12323399573677E-17,0,-1,0,0,1,0,0,1,0,6.12323399573677E-17,0,20998.9734029565,15988.739299681,17900,1
SUBDEVICES.NUM=0
SUBLOGICALMODELS.NUM=0
