ENTITYNAME=F4System
SYSCLASSIFYNAME=P_K_3
BASEFAMILY=9d78638b-4aa9-4398-b864-3083eb59bdfa.fam
OBJECTMODELPOINTER=53c7c2f2-18de-4212-a736-8f7474b072cd.dev
TRANSFORMMATRIX=9.33913054927442E-14,-0.999550700962046,0.0299732581859645,0,1,0,0,0,0,0.0299732581859645,0.999550700962046,0,173500,31770.9206604664,16033.5192323538,1
SUBDEVICES.NUM=0
SUBLOGICALMODELS.NUM=0
