ENTITYNAME=F4System
SYSCLASSIFYNAME=G_T_4
BASEFAMILY=4d9e4853-ac90-4292-93df-5c539301f93c.fam
OBJECTMODELPOINTER=4d9e4853-ac90-4292-93df-5c539301f93c.dev
TRANSFORMMATRIX=-1,1.22464679914735E-16,0,0,-1.22464679914735E-16,-1,0,0,0,0,1,0,119499.522736981,80200.443240527,0,1
SUBDEVICES.NUM=0
SUBLOGICALMODELS.NUM=0
