ENTITYNAME=F4System
SYSCLASSIFYNAME=P_K_2
BASEFAMILY=8e23de90-7dbd-46ae-821a-a4cdbb1eefcf.fam
OBJECTMODELPOINTER=7d2e69ca-7e99-4ddd-aa33-2bfb78029162.dev
TRANSFORMMATRIX=7.81671518056095E-15,-0.978851749832859,-0.20457089687722,0,1,0,0,0,0,-0.20457089687722,0.978851749832859,0,103000,51110.4311596944,17983.6343282498,1
SUBDEVICES.NUM=0
SUBLOGICALMODELS.NUM=0
