ENTITYNAME=F4System
SYSCLASSIFYNAME=G_T_4
BASEFAMILY=59bd2937-b823-470a-872e-932ee83b40de.fam
OBJECTMODELPOINTER=59bd2937-b823-470a-872e-932ee83b40de.dev
TRANSFORMMATRIX=1,0,0,0,0,1,0,0,0,0,1,0,21688.9441931015,48400.4432405735,0,1
SUBDEVICES.NUM=0
SUBLOGICALMODELS.NUM=0
