ENTITYNAME=F4System
SYSCLASSIFYNAME=P_K_1
BASEFAMILY=362879e1-e1f6-4175-9bdb-bff9ce620fa6.fam
OBJECTMODELPOINTER=7d2e69ca-7e99-4ddd-aa33-2bfb78029162.dev
TRANSFORMMATRIX=-0.125331619747274,-0.973653080470413,-0.190503711202697,0,0.991816740732983,-0.127669701972719,0,0,-0.0243215520339453,-0.188944769942596,0.981686475417686,0,105689.496207214,100872.551356595,19984.7597031038,1
SUBDEVICES.NUM=0
SUBLOGICALMODELS.NUM=0
