ENTITYNAME=F4System
SYSCLASSIFYNAME=G_S_2
BASEFAMILY=4fe8bd11-0385-4f8f-9a6d-567923068fe9.fam
OBJECTMODELPOINTER=2c5dcb5c-e175-4045-ada3-4cbd98feab1c.dev
TRANSFORMMATRIX=1,0,0,0,0,1,0,0,0,0,1,0,240021.80720509,34499.6427467857,2816.01888640076,1
SUBDEVICES.NUM=0
SUBLOGICALMODELS.NUM=0
