ENTITYNAME=F4System
SYSCLASSIFYNAME=2_8_2
BASEFAMILY=0efcb337-2530-4165-a6e3-54b0c5107044.fam
OBJECTMODELPOINTER=54876b6a-2c7a-457a-80d8-685fe690d8fd.dev
TRANSFORMMATRIX=-0.0371246159399404,0.993061568627266,-0.111581735991453,0,0.999301949779026,0.0373579063631441,0,0,-0.00416846004500577,0.111503846335988,0.993755259705897,0,62500,52788.739299681,18000,1
SUBDEVICES.NUM=0
SUBLOGICALMODELS.NUM=0
