ENTITYNAME=F4System
SYSCLASSIFYNAME=P_K_1
BASEFAMILY=88237734-8286-48b9-b585-4b5656ed971b.fam
OBJECTMODELPOINTER=3865937e-64cb-4f8b-be64-e7d4675a9875.dev
TRANSFORMMATRIX=-0.22512983217028,-0.134123113128532,0.965053132833469,0,0.511814224546211,-0.859096152681504,0,0,0.829073433550465,0.493927920827053,0.262054289810924,0,118452.804075728,98653.4539734128,9741.77152930096,1
SUBDEVICES.NUM=0
SUBLOGICALMODELS.NUM=0
