ENTITYNAME=F4System
SYSCLASSIFYNAME=P_K_3
BASEFAMILY=2864216a-2ee8-4a99-8bf2-2a5e8a412424.fam
OBJECTMODELPOINTER=53c7c2f2-18de-4212-a736-8f7474b072cd.dev
TRANSFORMMATRIX=-8.4210018311164E-14,-0.991413500705821,-0.130764179415576,0,1,0,0,0,0,-0.130764179415576,0.991413500705821,0,177000,43743.8200028289,16643.598194012,1
SUBDEVICES.NUM=0
SUBLOGICALMODELS.NUM=0
