ENTITYNAME=F4System
SYSCLASSIFYNAME=&29?
BASEFAMILY=2b706107-93c1-4b72-a3a7-9a47cc955ead.fam
OBJECTMODELPOINTER=794f5423-972f-45e6-951d-5a8ebce06ccf.dev
TRANSFORMMATRIX=1,0,0,0,0,1,0,0,0,0,1,0,231989.205086555,40285.7128349682,170,1
SUBDEVICES.NUM=12
SUBDEVICE0=57dea9bf-a450-469b-a763-e1889059f1a6.cbm
SUBDEVICE1=e005cd59-1449-49c9-b16d-58c7da7a0762.cbm
SUBDEVICE2=09595729-46d7-4e2b-bf36-bb2beb79c351.cbm
SUBDEVICE3=402815f5-e4a2-4725-88e0-1110fb2fe66e.cbm
SUBDEVICE4=df18846c-12c6-4c1c-a12c-cc439c183800.cbm
SUBDEVICE5=bcdc5b62-189f-4a32-9c1d-00fca4de0416.cbm
SUBDEVICE6=8f0d0f72-e7e2-41a8-ac56-b6c209cb57ad.cbm
SUBDEVICE7=bd9392dc-cf79-442e-9748-68aa282f697a.cbm
SUBDEVICE8=aa6f38ec-a8ad-463a-8ab0-b8e400d64d10.cbm
SUBDEVICE9=5dfc1f30-1605-4334-ab7d-991428d5375d.cbm
SUBDEVICE10=184b89b0-64e9-4cf0-8a77-cafacc7e7e14.cbm
SUBDEVICE11=8abf4691-c517-452c-b14a-cd0e1dd81862.cbm
SUBLOGICALMODELS.NUM=0
