ENTITYNAME=F4System
SYSCLASSIFYNAME=P_K_7
BASEFAMILY=26261d3c-14e1-43d1-be1f-83eaf756c6f6.fam
OBJECTMODELPOINTER=242a9ab8-72e9-445c-8431-1b550c6a2727.dev
TRANSFORMMATRIX=8.79064714692993E-15,-0.986678164442782,-0.162684356383221,0,1,0,0,0,0,-0.162684356383221,0.986678164442782,0,210500,12228.7048063527,17511.9469308503,1
SUBDEVICES.NUM=0
SUBLOGICALMODELS.NUM=0
