ENTITYNAME=F4System
SYSCLASSIFYNAME=G_T_4
BASEFAMILY=4f721e14-0527-4c4b-ac2e-6b6ee176f1bf.fam
OBJECTMODELPOINTER=4f721e14-0527-4c4b-ac2e-6b6ee176f1bf.dev
TRANSFORMMATRIX=-1,1.22464679914735E-16,0,0,-1.22464679914735E-16,-1,0,0,0,0,1,0,-8999.9375,75599.6343337979,0,1
SUBDEVICES.NUM=0
SUBLOGICALMODELS.NUM=0
