ENTITYNAME=F4System
SYSCLASSIFYNAME=&HGI
BASEFAMILY=7178ab5d-8a07-4c09-b69d-09ff12cb5388.fam
OBJECTMODELPOINTER=7178ab5d-8a07-4c09-b69d-09ff12cb5388.dev
TRANSFORMMATRIX=-1,1.22464679914735E-16,0,0,-1.22464679914735E-16,-1,0,0,0,0,1,0,210500,30883.0427171186,200,1
SUBDEVICES.NUM=0
SUBLOGICALMODELS.NUM=0
