ENTITYNAME=F4System
SYSCLASSIFYNAME=3_2_5
BASEFAMILY=960808b1-3030-4192-83b2-81d642b91282.fam
OBJECTMODELPOINTER=77c93bee-6b51-448c-bffc-3e5ae776b443.dev
TRANSFORMMATRIX=6.12323399573677E-17,0,-1,0,0,1,0,0,1,0,6.12323399573677E-17,0,170000,15988.739299681,17900,1
SUBDEVICES.NUM=0
SUBLOGICALMODELS.NUM=0
