ENTITYNAME=F4System
SYSCLASSIFYNAME=1_1_0
BASEFAMILY=7bd8ac29-f19a-473e-a6db-ccb1568276ee.fam
OBJECTMODELPOINTER=54876b6a-2c7a-457a-80d8-685fe690d8fd.dev
TRANSFORMMATRIX=4.43651402139946E-15,-0.978851749832859,-0.20457089687722,0,1,0,0,0,0,-0.20457089687722,0.978851749832859,0,87500,51188.739299681,18000,1
SUBDEVICES.NUM=0
SUBLOGICALMODELS.NUM=0
