ENTITYNAME=F4System
SYSCLASSIFYNAME=G_S_7
BASEFAMILY=9f4ff9f9-ea19-426a-afc3-115c853b9115.fam
OBJECTMODELPOINTER=7c8e9d2c-347b-4b7e-90df-57a3671c702a.dev
TRANSFORMMATRIX=1,0,0,0,0,1,0,0,0,0,1,0,192005.851854342,37004.9666016879,0,1
SUBDEVICES.NUM=0
SUBLOGICALMODELS.NUM=0
