ENTITYNAME=F4System
SYSCLASSIFYNAME=G_T_4
BASEFAMILY=2e3eaeda-fc12-4b5a-a545-29b75528b492.fam
OBJECTMODELPOINTER=53c412d9-8331-4607-943a-55b670cc299a.dev
TRANSFORMMATRIX=1,0,0,0,0,1,0,0,0,0,1,0,44998.0624350809,166499.537356249,0,1
SUBDEVICES.NUM=0
SUBLOGICALMODELS.NUM=0
