ENTITYNAME=F4System
SYSCLASSIFYNAME=P_K_0
BASEFAMILY=8e7b20fa-d219-429a-aa65-5d1f199f5677.fam
OBJECTMODELPOINTER=21615058-6beb-420e-ab28-9a1566ce78b5.dev
TRANSFORMMATRIX=1.99096859625847E-13,0.978455439052219,-0.20645811630723,0,1,0,0,0,0,0.20645811630723,0.978455439052219,0,204002.263055386,128312.610512964,26021.0710678119,1
SUBDEVICES.NUM=0
SUBLOGICALMODELS.NUM=0
