ENTITYNAME=F4System
SYSCLASSIFYNAME=G_T_4
BASEFAMILY=12998785-a365-41c1-90fe-2ae258bde1d9.fam
OBJECTMODELPOINTER=12998785-a365-41c1-90fe-2ae258bde1d9.dev
TRANSFORMMATRIX=1,0,0,0,0,1,0,0,0,0,1,0,16088.9441931015,48400.4432405735,0,1
SUBDEVICES.NUM=0
SUBLOGICALMODELS.NUM=0
