ENTITYNAME=F4System
SYSCLASSIFYNAME=G_T_4
BASEFAMILY=491ed922-5bc4-49c3-ad14-a8f0f4b77e3c.fam
OBJECTMODELPOINTER=53c412d9-8331-4607-943a-55b670cc299a.dev
TRANSFORMMATRIX=1,0,0,0,0,1,0,0,0,0,1,0,107999.522734931,130003.528304915,0,1
SUBDEVICES.NUM=0
SUBLOGICALMODELS.NUM=0
