ENTITYNAME=F4System
SYSCLASSIFYNAME=G_T_4
BASEFAMILY=75b65f68-a80f-4797-a534-70c254c02051.fam
OBJECTMODELPOINTER=75b65f68-a80f-4797-a534-70c254c02051.dev
TRANSFORMMATRIX=1,0,0,0,0,-1,0,0,0,0,1,0,81899.5171068817,129599.610513023,0,1
SUBDEVICES.NUM=0
SUBLOGICALMODELS.NUM=0
