ENTITYNAME=F4System
SYSCLASSIFYNAME=G_T_4
BASEFAMILY=593fffd8-3345-4413-b57b-d581af5432a6.fam
OBJECTMODELPOINTER=593fffd8-3345-4413-b57b-d581af5432a6.dev
TRANSFORMMATRIX=1,0,0,0,0,1,0,0,0,0,1,0,112299.522736981,77700.443240527,0,1
SUBDEVICES.NUM=0
SUBLOGICALMODELS.NUM=0
