ENTITYNAME=F4System
SYSCLASSIFYNAME=P_K_3
BASEFAMILY=4400fd46-8e50-4d2e-a4c6-4de95d5d9d7d.fam
OBJECTMODELPOINTER=54876b6a-2c7a-457a-80d8-685fe690d8fd.dev
TRANSFORMMATRIX=-2.70416092732917E-14,0.97885174983286,-0.204570896877218,0,1,0,0,0,0,0.204570896877218,0.978851749832859,0,182000,16788.739299681,18000,1
SUBDEVICES.NUM=0
SUBLOGICALMODELS.NUM=0
