ENTITYNAME=F4System
SYSCLASSIFYNAME=P_K_1
BASEFAMILY=16c705c4-d896-4154-8620-72bb0a442182.fam
OBJECTMODELPOINTER=242a9ab8-72e9-445c-8431-1b550c6a2727.dev
TRANSFORMMATRIX=-0.286916356584366,-0.940056420381081,-0.184317472922836,0,0.956443393982345,-0.291917855068053,0,0,-0.0538055613471982,-0.176289229372566,0.982866760642224,0,116838.773667414,98130.2743418897,19447.0475812315,1
SUBDEVICES.NUM=0
SUBLOGICALMODELS.NUM=0
