ENTITYNAME=F4System
SYSCLASSIFYNAME=G_T_4
BASEFAMILY=6b99fec2-4031-49ae-bee3-2e6cf2e7fad8.fam
OBJECTMODELPOINTER=6b99fec2-4031-49ae-bee3-2e6cf2e7fad8.dev
TRANSFORMMATRIX=1,0,0,0,0,1,0,0,0,0,1,0,113099.522736981,77700.443240527,0,1
SUBDEVICES.NUM=0
SUBLOGICALMODELS.NUM=0
