ENTITYNAME=F4System
SYSCLASSIFYNAME=P_H_0
BASEFAMILY=4997cd09-ea30-4094-8566-2cf625a8ee35.fam
OBJECTMODELPOINTER=8e254d87-904c-46cc-a3f5-1c261bf23209.dev
TRANSFORMMATRIX=1,0,0,0,0,1,0,0,0,0,1,0,66499.5231177285,82799.9969065852,6582,1
SUBDEVICES.NUM=0
SUBLOGICALMODELS.NUM=0
