ENTITYNAME=F4System
SYSCLASSIFYNAME=G_J_2
BASEFAMILY=28feb144-0736-4576-8210-90535246a982.fam
OBJECTMODELPOINTER=8d19c434-e3db-4ef3-a5a5-696fed9926b8.dev
TRANSFORMMATRIX=6.12323399573677E-17,1,0,0,-1,6.12323399573677E-17,0,0,0,0,1,0,169999.129310189,199999.610512943,0,1
SUBDEVICES.NUM=0
SUBLOGICALMODELS.NUM=0
