ENTITYNAME=F4System
SYSCLASSIFYNAME=P_K_1
BASEFAMILY=6440b661-ecfc-4524-a661-1c8a803b5e95.fam
OBJECTMODELPOINTER=878faf34-e1c0-44bf-9b6a-83b85c5c8040.dev
TRANSFORMMATRIX=-1.35208046366458E-14,0.97885174983286,-0.204570896877218,0,1,0,0,0,0,0.204570896877218,0.978851749832859,0,62500,16788.739299681,18000,1
SUBDEVICES.NUM=0
SUBLOGICALMODELS.NUM=0
