ENTITYNAME=F4System
SYSCLASSIFYNAME=G_Y_1
BASEFAMILY=0a2ee5e8-1628-4a9b-87f4-d20858063952.fam
OBJECTMODELPOINTER=c68917fc-78c3-4117-90c9-b7cd4de6ecf4.dev
TRANSFORMMATRIX=1,0,0,0,0,1,0,0,0,0,1,0,155999.522734931,176012.870878982,0,1
SUBDEVICES.NUM=2
SUBDEVICE0=3001307c-c0ff-41bf-93e9-5cc1681613a5.cbm
SUBDEVICE1=0ae7fd7c-2e78-4661-95cf-ea257fbf3f5b.cbm
SUBLOGICALMODELS.NUM=0
