ENTITYNAME=F4System
SYSCLASSIFYNAME=P_H_1
BASEFAMILY=97bc694e-6e55-4853-ad9a-72eb3c0433b3.fam
OBJECTMODELPOINTER=8e254d87-904c-46cc-a3f5-1c261bf23209.dev
TRANSFORMMATRIX=1,0,0,0,0,1,0,0,0,0,1,0,109299.35425626,90000.0639834773,6582,1
SUBDEVICES.NUM=0
SUBLOGICALMODELS.NUM=0
