ENTITYNAME=F4System
SYSCLASSIFYNAME=3_0_9
BASEFAMILY=fe1c8469-ff3a-4ae8-98f1-dc0e5f12d39d.fam
OBJECTMODELPOINTER=77c93bee-6b51-448c-bffc-3e5ae776b443.dev
TRANSFORMMATRIX=6.12323399573677E-17,0,-1,0,0,1,0,0,1,0,6.12323399573677E-17,0,66000,15988.739299681,17900,1
SUBDEVICES.NUM=0
SUBLOGICALMODELS.NUM=0
