ENTITYNAME=F4System
SYSCLASSIFYNAME=G_T_4
BASEFAMILY=48cef9dc-d283-409a-9688-48a6a40dd75e.fam
OBJECTMODELPOINTER=48cef9dc-d283-409a-9688-48a6a40dd75e.dev
TRANSFORMMATRIX=1,0,0,0,0,-1,0,0,0,0,1,0,84299.5171068817,129599.610513023,0,1
SUBDEVICES.NUM=0
SUBLOGICALMODELS.NUM=0
