ENTITYNAME=F4System
SYSCLASSIFYNAME=G_J_2
BASEFAMILY=9932bf47-2cd4-4450-a07a-29edab6442c8.fam
OBJECTMODELPOINTER=739f4188-27b8-42b9-9250-e4fc8d5ea6df.dev
TRANSFORMMATRIX=6.12323399573677E-17,1,0,0,-1,6.12323399573677E-17,0,0,0,0,1,0,245749.862823303,105999,0,1
SUBDEVICES.NUM=0
SUBLOGICALMODELS.NUM=0
