ENTITYNAME=F4System
SYSCLASSIFYNAME=P_K_9
BASEFAMILY=865285f1-0021-499d-afdd-d4d5f17fd79c.fam
OBJECTMODELPOINTER=21615058-6beb-420e-ab28-9a1566ce78b5.dev
TRANSFORMMATRIX=4.5269814466942E-14,0.978442028793516,-0.206521660584134,0,-1,0,0,0,0,0.206521660584134,0.978442028793516,0,196502.263055386,162999.610512965,26021.0710678119,1
SUBDEVICES.NUM=0
SUBLOGICALMODELS.NUM=0
