ENTITYNAME=F4System
SYSCLASSIFYNAME=P_K_9
BASEFAMILY=4d1259eb-36f0-4077-b562-5788808f3d42.fam
OBJECTMODELPOINTER=3865937e-64cb-4f8b-be64-e7d4675a9875.dev
TRANSFORMMATRIX=-0.127316707038443,-0.989074459049616,-0.0743113084570326,0,0.991816740732983,-0.127669701972719,0,0,-0.00948730260391216,-0.0737031997534574,0.997235092360575,0,103226.879228924,81741.4285659813,17284.4383378232,1
SUBDEVICES.NUM=0
SUBLOGICALMODELS.NUM=0
