ENTITYNAME=F4System
SYSCLASSIFYNAME=G_Y_1
BASEFAMILY=64c0e418-2e25-46d6-a822-a5a17eb8aecc.fam
OBJECTMODELPOINTER=c68917fc-78c3-4117-90c9-b7cd4de6ecf4.dev
TRANSFORMMATRIX=1,0,0,0,0,1,0,0,0,0,1,0,155999.522734931,169499.610512994,0,1
SUBDEVICES.NUM=2
SUBDEVICE0=4e9d3520-7648-41b8-b271-3dbceb386746.cbm
SUBDEVICE1=8dcb6c1c-09ea-4cfc-94ed-671c8d3c243c.cbm
SUBLOGICALMODELS.NUM=0
