ENTITYNAME=F4System
SYSCLASSIFYNAME=G_S_2
BASEFAMILY=727607cc-fa38-41d3-ae10-e79ed5b6894f.fam
OBJECTMODELPOINTER=727607cc-fa38-41d3-ae10-e79ed5b6894f.dev
TRANSFORMMATRIX=1,0,0,0,0,1,0,0,0,0,1,0,232493.006776143,40085.8969194155,509.999999999999,1
SUBDEVICES.NUM=0
SUBLOGICALMODELS.NUM=0
