ENTITYNAME=F4System
SYSCLASSIFYNAME=P_K_1
BASEFAMILY=06318856-6ed7-48b0-a06a-06c364d9a802.fam
OBJECTMODELPOINTER=3865937e-64cb-4f8b-be64-e7d4675a9875.dev
TRANSFORMMATRIX=2.53136601498906E-14,0.423511786611694,-0.905890593063517,0,-1,0,0,0,0,0.905890593063517,0.423511786611694,0,37500,18286.7149636069,6676.75469863752,1
SUBDEVICES.NUM=0
SUBLOGICALMODELS.NUM=0
