ENTITYNAME=F4System
SYSCLASSIFYNAME=P_K_1
BASEFAMILY=4d25dccd-fbf3-4a07-b0f7-e38cabe67b62.fam
OBJECTMODELPOINTER=54876b6a-2c7a-457a-80d8-685fe690d8fd.dev
TRANSFORMMATRIX=-1.35208046366458E-14,0.97885174983286,-0.204570896877218,0,1,0,0,0,0,0.204570896877218,0.978851749832859,0,71000,16788.739299681,18000,1
SUBDEVICES.NUM=0
SUBLOGICALMODELS.NUM=0
