ENTITYNAME=F4System
SYSCLASSIFYNAME=G_S_2
BASEFAMILY=908150af-fe50-4039-8838-4cf5566b74bf.fam
OBJECTMODELPOINTER=2c5dcb5c-e175-4045-ada3-4cbd98feab1c.dev
TRANSFORMMATRIX=1,0,0,0,0,1,0,0,0,0,1,0,239088.80801749,34499.6427467857,2816.01888640076,1
SUBDEVICES.NUM=0
SUBLOGICALMODELS.NUM=0
