ENTITYNAME=F4System
SYSCLASSIFYNAME=P_K_3
BASEFAMILY=83ce2675-21af-470d-811e-944cd492fb0b.fam
OBJECTMODELPOINTER=7d2e69ca-7e99-4ddd-aa33-2bfb78029162.dev
TRANSFORMMATRIX=-2.76753969906347E-14,-0.978851749832859,-0.20457089687722,0,1,0,0,0,0,-0.20457089687722,0.978851749832859,0,170000,51110.4311596944,17983.6343282498,1
SUBDEVICES.NUM=0
SUBLOGICALMODELS.NUM=0
