ENTITYNAME=F4System
SYSCLASSIFYNAME=G_Y_1
BASEFAMILY=633a9c2c-fb9c-48b6-ae9a-7566b9879293.fam
OBJECTMODELPOINTER=0c73ef3c-e469-4e9e-b284-d2303d709a88.dev
TRANSFORMMATRIX=6.12323399573677E-17,1,0,0,-1,6.12323399573677E-17,0,0,0,0,1,0,97299.3542562604,91500.4432523907,0,1
SUBDEVICES.NUM=0
SUBLOGICALMODELS.NUM=0
