ENTITYNAME=F4System
SYSCLASSIFYNAME=P_K_9
BASEFAMILY=45f5cc56-2c06-4981-a013-08aa94beea35.fam
OBJECTMODELPOINTER=21615058-6beb-420e-ab28-9a1566ce78b5.dev
TRANSFORMMATRIX=-5.43237773603294E-14,-0.978442028793515,-0.20652166058414,0,-1,0,0,0,0,-0.20652166058414,0.978442028793515,0,189002.263055386,188674.610512964,26021.0710678119,1
SUBDEVICES.NUM=0
SUBLOGICALMODELS.NUM=0
