ENTITYNAME=F4System
SYSCLASSIFYNAME=P_H_0
BASEFAMILY=5123574a-88a4-49d3-b67c-4c23392c58b0.fam
OBJECTMODELPOINTER=8e254d87-904c-46cc-a3f5-1c261bf23209.dev
TRANSFORMMATRIX=1,0,0,0,0,1,0,0,0,0,1,0,66499.5231177285,85799.9969065852,6582,1
SUBDEVICES.NUM=0
SUBLOGICALMODELS.NUM=0
