ENTITYNAME=F4System
SYSCLASSIFYNAME=P_K_1
BASEFAMILY=0732259c-a81e-4771-af64-5cf85e966f07.fam
OBJECTMODELPOINTER=4341f697-acf0-406b-93e5-bcaf53691342.dev
TRANSFORMMATRIX=-1.16194414846176E-15,-0.978851749832859,-0.20457089687722,0,1,0,0,0,0,-0.20457089687722,0.978851749832859,0,78000,51188.739299681,18000,1
SUBDEVICES.NUM=0
SUBLOGICALMODELS.NUM=0
