ENTITYNAME=F4System
SYSCLASSIFYNAME=G_V_1
BASEFAMILY=2b09431f-eff4-414b-ac54-7b2499f72a13.fam
OBJECTMODELPOINTER=9266b98b-c234-4698-bbd1-37428d07fd60.dev
TRANSFORMMATRIX=1,0,0,0,0,1,0,0,0,0,1,0,25299.5436765882,123090.47814573,0,1
SUBDEVICES.NUM=0
SUBLOGICALMODELS.NUM=0
