ENTITYNAME=F4System
SYSCLASSIFYNAME=P_H_0
BASEFAMILY=8d9b77ac-cfd9-4476-8045-809b92be0f0e.fam
OBJECTMODELPOINTER=8e254d87-904c-46cc-a3f5-1c261bf23209.dev
TRANSFORMMATRIX=1,0,0,0,0,1,0,0,0,0,1,0,99299.3542562604,93000.0639834773,6582,1
SUBDEVICES.NUM=0
SUBLOGICALMODELS.NUM=0
