ENTITYNAME=F4System
SYSCLASSIFYNAME=G_J_2
BASEFAMILY=7b40b080-d187-43ec-81b5-465be9a58bd7.fam
OBJECTMODELPOINTER=8d19c434-e3db-4ef3-a5a5-696fed9926b8.dev
TRANSFORMMATRIX=6.12323399573677E-17,1,0,0,-1,6.12323399573677E-17,0,0,0,0,1,0,223999.857354791,171251.000000001,0,1
SUBDEVICES.NUM=0
SUBLOGICALMODELS.NUM=0
