ENTITYNAME=F4System
SYSCLASSIFYNAME=G_Y_1
BASEFAMILY=51727e41-7d94-4c2a-baca-3ac9531afc06.fam
OBJECTMODELPOINTER=c68917fc-78c3-4117-90c9-b7cd4de6ecf4.dev
TRANSFORMMATRIX=1,0,0,0,0,1,0,0,0,0,1,0,115499.596459357,126003.528304938,0,1
SUBDEVICES.NUM=2
SUBDEVICE0=2a5913a6-8f5f-41f6-a43e-bf984ffffd0b.cbm
SUBDEVICE1=38ac5607-e413-4a46-b343-478c0735d210.cbm
SUBLOGICALMODELS.NUM=0
