ENTITYNAME=F4System
SYSCLASSIFYNAME=P_K_1
BASEFAMILY=9caa715a-35f0-466e-bd36-fe6a76cf0992.fam
OBJECTMODELPOINTER=7d2e69ca-7e99-4ddd-aa33-2bfb78029162.dev
TRANSFORMMATRIX=0.12688297536751,0.985704964756837,-0.110844183499229,0,0.991816740732983,-0.127669701972719,0,0,0.014151443872756,0.109937116807414,0.993837797120028,0,99510.1506380294,52867.5956968616,17991.1324653201,1
SUBDEVICES.NUM=0
SUBLOGICALMODELS.NUM=0
