ENTITYNAME=F4System
SYSCLASSIFYNAME=P_K_2
BASEFAMILY=713a75fe-76c0-4a64-87f9-bedb186002d4.fam
OBJECTMODELPOINTER=3865937e-64cb-4f8b-be64-e7d4675a9875.dev
TRANSFORMMATRIX=0,6.4360416329852E-14,1,0,-1,0,0,0,0,-1,6.4360416329852E-14,0,96105.2587246261,43993.0427171186,14286.3894751225,1
SUBDEVICES.NUM=0
SUBLOGICALMODELS.NUM=0
