ENTITYNAME=F4System
SYSCLASSIFYNAME=G_T_4
BASEFAMILY=0df06ea8-4bec-4b42-b223-b6582d152305.fam
OBJECTMODELPOINTER=0df06ea8-4bec-4b42-b223-b6582d152305.dev
TRANSFORMMATRIX=1,0,0,0,0,1,0,0,0,0,1,0,121899.522736981,77700.443240527,0,1
SUBDEVICES.NUM=0
SUBLOGICALMODELS.NUM=0
