ENTITYNAME=F4System
SYSCLASSIFYNAME=G_N_1
BASEFAMILY=756bfc4a-611b-4742-9329-91056c10e41d.fam
OBJECTMODELPOINTER=756bfc4a-611b-4742-9329-91056c10e41d.dev
TRANSFORMMATRIX=1,0,0,0,0,1,0,0,0,0,1,0,57799.0227369804,72299.943887688,0,1
SUBDEVICES.NUM=1
SUBDEVICE0=828776a2-b4d5-4d39-84b4-62bcb0625c84.cbm
SUBLOGICALMODELS.NUM=0
