ENTITYNAME=F4System
SYSCLASSIFYNAME=P_K_9
BASEFAMILY=53e08e0b-8a7c-49a4-a49c-136ae9e66507.fam
OBJECTMODELPOINTER=21615058-6beb-420e-ab28-9a1566ce78b5.dev
TRANSFORMMATRIX=-9.04985725572045E-15,-0.978455439052213,-0.206458116307258,0,1,0,0,0,0,-0.206458116307258,0.978455439052213,0,107999.455737821,153999.610512963,26021.0710678119,1
SUBDEVICES.NUM=0
SUBLOGICALMODELS.NUM=0
