ENTITYNAME=F4System
SYSCLASSIFYNAME=P_K_9
BASEFAMILY=8047ce95-b525-49f2-9df7-4b3af1664ac0.fam
OBJECTMODELPOINTER=3865937e-64cb-4f8b-be64-e7d4675a9875.dev
TRANSFORMMATRIX=-0.126155685824474,-0.980054932423534,-0.15354827373324,0,0.991816740732983,-0.127669701972719,0,0,-0.0196034623459483,-0.152291748399278,0.988141147626968,0,104748.533367441,93562.5734802892,18654.5403472026,1
SUBDEVICES.NUM=0
SUBLOGICALMODELS.NUM=0
