ENTITYNAME=F4System
SYSCLASSIFYNAME=P_K_9
BASEFAMILY=3018a28c-08a8-4565-869a-b61bcb44a3b8.fam
OBJECTMODELPOINTER=3865937e-64cb-4f8b-be64-e7d4675a9875.dev
TRANSFORMMATRIX=-2.58201190540487E-13,-0.937491401901503,-0.348008435760909,0,1,0,0,0,0,-0.348008435760909,0.937491401901503,0,90500,35619.0369635298,7254.66839190784,1
SUBDEVICES.NUM=0
SUBLOGICALMODELS.NUM=0
