ENTITYNAME=F4System
SYSCLASSIFYNAME=P_K_9
BASEFAMILY=0c8ddbb1-b011-47d5-a629-b22c02f9f25c.fam
OBJECTMODELPOINTER=21615058-6beb-420e-ab28-9a1566ce78b5.dev
TRANSFORMMATRIX=9.05396289338841E-14,0.978442028793516,-0.206521660584134,0,-1,0,0,0,0,0.206521660584134,0.978442028793516,0,189002.263055386,162999.610512965,26021.0710678119,1
SUBDEVICES.NUM=0
SUBLOGICALMODELS.NUM=0
