ENTITYNAME=F4System
SYSCLASSIFYNAME=P_K_4
BASEFAMILY=163e4cd9-f2d1-499b-98b2-3594e7983a28.fam
OBJECTMODELPOINTER=53c7c2f2-18de-4212-a736-8f7474b072cd.dev
TRANSFORMMATRIX=7.64110681304271E-14,-0.999550700962046,0.0299732581859645,0,1,0,0,0,0,0.0299732581859645,0.999550700962046,0,189000,31770.9206604664,16033.5192323538,1
SUBDEVICES.NUM=0
SUBLOGICALMODELS.NUM=0
