ENTITYNAME=F4System
SYSCLASSIFYNAME=P_K_1
BASEFAMILY=1014f18d-952e-47c0-8571-27a95dc8fbcd.fam
OBJECTMODELPOINTER=7d2e69ca-7e99-4ddd-aa33-2bfb78029162.dev
TRANSFORMMATRIX=0,0.97885174983286,-0.204570896877218,0,1,0,0,0,0,0.204570896877218,0.978851749832859,0,66000,16867.0474396676,17983.6343282498,1
SUBDEVICES.NUM=0
SUBLOGICALMODELS.NUM=0
