ENTITYNAME=F4System
SYSCLASSIFYNAME=G_T_4
BASEFAMILY=6bedf1dc-b246-4115-b7a3-c9cce4846bca.fam
OBJECTMODELPOINTER=6bedf1dc-b246-4115-b7a3-c9cce4846bca.dev
TRANSFORMMATRIX=1,0,0,0,0,1,0,0,0,0,1,0,80000.0000002375,5000.00000000019,0,1
SUBDEVICES.NUM=0
SUBLOGICALMODELS.NUM=0
