ENTITYNAME=F4System
SYSCLASSIFYNAME=G_T_4
BASEFAMILY=249afc62-2252-4cd4-9c90-961fa94ac2ff.fam
OBJECTMODELPOINTER=249afc62-2252-4cd4-9c90-961fa94ac2ff.dev
TRANSFORMMATRIX=1,0,0,0,0,1,0,0,0,0,1,0,200838.944193101,48400.4432405735,0,1
SUBDEVICES.NUM=0
SUBLOGICALMODELS.NUM=0
