ENTITYNAME=F4System
SYSCLASSIFYNAME=1_0_8
BASEFAMILY=775c1db1-cff0-4efd-ae61-705a958c9607.fam
OBJECTMODELPOINTER=54876b6a-2c7a-457a-80d8-685fe690d8fd.dev
TRANSFORMMATRIX=-2.55627712661588E-14,-0.978851749832859,-0.20457089687722,0,1,0,0,0,0,-0.20457089687722,0.978851749832859,0,164000,51188.739299681,18000,1
SUBDEVICES.NUM=0
SUBLOGICALMODELS.NUM=0
