ENTITYNAME=F4System
SYSCLASSIFYNAME=G_S_7
BASEFAMILY=39d0daab-9738-4566-97ec-8a830b155f50.fam
OBJECTMODELPOINTER=39d0daab-9738-4566-97ec-8a830b155f50.dev
TRANSFORMMATRIX=6.12323399573677E-17,1,0,0,-1,6.12323399573677E-17,0,0,0,0,1,0,101988.417174558,175999.610512964,0,1
SUBDEVICES.NUM=1
SUBDEVICE0=8712dc32-10e2-435d-9f95-85a30531cd84.cbm
SUBLOGICALMODELS.NUM=0
