ENTITYNAME=F4System
SYSCLASSIFYNAME=3_0_6
BASEFAMILY=f9f27aaa-b605-4a3a-8570-1c674f7a00a0.fam
OBJECTMODELPOINTER=77c93bee-6b51-448c-bffc-3e5ae776b443.dev
TRANSFORMMATRIX=6.12323399573677E-17,0,-1,0,0,1,0,0,1,0,6.12323399573677E-17,0,46000,15988.739299681,17900,1
SUBDEVICES.NUM=0
SUBLOGICALMODELS.NUM=0
