ENTITYNAME=F4System
SYSCLASSIFYNAME=P_K_6
BASEFAMILY=9306db75-a1b5-40ad-b3bc-dbfb98cd2966.fam
OBJECTMODELPOINTER=53c7c2f2-18de-4212-a736-8f7474b072cd.dev
TRANSFORMMATRIX=-1.78568554713098E-15,-0.998758139355646,-0.0498214719859676,0,1,0,0,0,0,-0.0498214719859676,0.998758139355646,0,127000,7682.91031179968,17062.3422237103,1
SUBDEVICES.NUM=0
SUBLOGICALMODELS.NUM=0
