ENTITYNAME=F4System
SYSCLASSIFYNAME=P_K_4
BASEFAMILY=214c610b-fae3-4646-b83b-7b7489c8bdff.fam
OBJECTMODELPOINTER=7d2e69ca-7e99-4ddd-aa33-2bfb78029162.dev
TRANSFORMMATRIX=2.74641344181871E-15,-0.978851749832859,-0.20457089687722,0,1,0,0,0,0,-0.20457089687722,0.978851749832859,0,185500,51110.4311596944,17983.6343282498,1
SUBDEVICES.NUM=0
SUBLOGICALMODELS.NUM=0
