ENTITYNAME=F4System
SYSCLASSIFYNAME=2_8_6
BASEFAMILY=b8b82550-1b3c-4b7f-b0a8-cb7c5fa0731b.fam
OBJECTMODELPOINTER=54876b6a-2c7a-457a-80d8-685fe690d8fd.dev
TRANSFORMMATRIX=-0.0348557370747722,-0.987754777005631,-0.152070964011975,0,0.999377964884981,-0.0352658943223392,0,0,-0.00536291854634255,-0.151976370532385,0.988369577589511,0,153699.522737167,100950.443603033,18000,1
SUBDEVICES.NUM=0
SUBLOGICALMODELS.NUM=0
