ENTITYNAME=F4System
SYSCLASSIFYNAME=P_K_1
BASEFAMILY=242a9ab8-72e9-445c-8431-1b550c6a2727.fam
OBJECTMODELPOINTER=242a9ab8-72e9-445c-8431-1b550c6a2727.dev
TRANSFORMMATRIX=1.21475979157366E-15,-0.978851749832859,-0.20457089687722,0,1,0,0,0,0,-0.20457089687722,0.978851749832859,0,59000,48252.1840501825,17386.2873093683,1
SUBDEVICES.NUM=0
SUBLOGICALMODELS.NUM=0
