ENTITYNAME=F4System
SYSCLASSIFYNAME=P_K_6
BASEFAMILY=01c1319e-beb5-48b5-9d27-9dcec625d9a9.fam
OBJECTMODELPOINTER=242a9ab8-72e9-445c-8431-1b550c6a2727.dev
TRANSFORMMATRIX=8.79064714692993E-15,-0.986678164442782,-0.162684356383221,0,1,0,0,0,0,-0.162684356383221,0.986678164442782,0,78000,12228.7048063527,17511.9469308503,1
SUBDEVICES.NUM=0
SUBLOGICALMODELS.NUM=0
