ENTITYNAME=F4System
SYSCLASSIFYNAME=G_J_2
BASEFAMILY=1b1aae46-fee7-4ea1-8e94-f26e49ebcb0f.fam
OBJECTMODELPOINTER=1b1aae46-fee7-4ea1-8e94-f26e49ebcb0f.dev
TRANSFORMMATRIX=1,0,0,0,0,1,0,0,0,0,1,0,46499.5231177285,84299.9969065852,0,1
SUBDEVICES.NUM=0
SUBLOGICALMODELS.NUM=0
