ENTITYNAME=F4System
SYSCLASSIFYNAME=P_K_2
BASEFAMILY=8a8eb851-235c-4018-86a3-f9680e2e1163.fam
OBJECTMODELPOINTER=3865937e-64cb-4f8b-be64-e7d4675a9875.dev
TRANSFORMMATRIX=0,4.28988037947603E-14,1,0,-1,0,0,0,0,-1,4.28988037947603E-14,0,99497.1200920723,43993.0427171186,14296.0870873113,1
SUBDEVICES.NUM=0
SUBLOGICALMODELS.NUM=0
