ENTITYNAME=F4System
SYSCLASSIFYNAME=G_T_4
BASEFAMILY=454f990d-0ba7-416c-92a8-6abe35818950.fam
OBJECTMODELPOINTER=454f990d-0ba7-416c-92a8-6abe35818950.dev
TRANSFORMMATRIX=1,0,0,0,0,1,0,0,0,0,1,0,15288.9441931015,48400.4432405735,0,1
SUBDEVICES.NUM=0
SUBLOGICALMODELS.NUM=0
