ENTITYNAME=F4System
SYSCLASSIFYNAME=G_N_1
BASEFAMILY=cad315e7-a7ec-4316-8d80-6d8b82e54037.fam
OBJECTMODELPOINTER=1233cb7c-7072-4d15-98ba-b7cbb2cffc19.dev
TRANSFORMMATRIX=1,0,0,0,0,1,0,0,0,0,1,0,52599.522652027,71292.4085227683,0,1
SUBDEVICES.NUM=1
SUBDEVICE0=896fe1b9-9f25-4087-a6c0-fa85daeb8ef0.cbm
SUBLOGICALMODELS.NUM=0
