ENTITYNAME=F4System
SYSCLASSIFYNAME=G_S_7
BASEFAMILY=0bb243b2-58bc-4e21-ab9c-84181bae1c5a.fam
OBJECTMODELPOINTER=0bb243b2-58bc-4e21-ab9c-84181bae1c5a.dev
TRANSFORMMATRIX=1,0,0,0,0,1,0,0,0,0,1,0,61599.0227369804,69449.943887688,-1.45519152283669E-12,1
SUBDEVICES.NUM=0
SUBLOGICALMODELS.NUM=0
