ENTITYNAME=F4System
SYSCLASSIFYNAME=P_K_1
BASEFAMILY=0917cfe3-774c-48b4-a9eb-5e006efdf9cf.fam
OBJECTMODELPOINTER=54876b6a-2c7a-457a-80d8-685fe690d8fd.dev
TRANSFORMMATRIX=-2.70416092732917E-14,0.97885174983286,-0.204570896877218,0,1,0,0,0,0,0.204570896877218,0.978851749832859,0,74500,16788.739299681,18000,1
SUBDEVICES.NUM=0
SUBLOGICALMODELS.NUM=0
