ENTITYNAME=F4System
SYSCLASSIFYNAME=G_N_1
BASEFAMILY=1233cb7c-7072-4d15-98ba-b7cbb2cffc19.fam
OBJECTMODELPOINTER=1233cb7c-7072-4d15-98ba-b7cbb2cffc19.dev
TRANSFORMMATRIX=1,0,0,0,0,1,0,0,0,0,1,0,46399.522652027,71292.4085227683,0,1
SUBDEVICES.NUM=1
SUBDEVICE0=df44670e-7817-419d-a202-c12a153cf78d.cbm
SUBLOGICALMODELS.NUM=0
