ENTITYNAME=F4System
SYSCLASSIFYNAME=G_J_2
BASEFAMILY=5c7b8ccf-9ec7-4d83-a95a-2e8fc189496d.fam
OBJECTMODELPOINTER=65576b45-87f1-456b-ad7e-f78ed76463fe.dev
TRANSFORMMATRIX=1,0,0,0,0,1,0,0,0,0,1,0,90999.9932746477,4999.53316666318,0,1
SUBDEVICES.NUM=0
SUBLOGICALMODELS.NUM=0
