ENTITYNAME=F4System
SYSCLASSIFYNAME=3_1_9
BASEFAMILY=f51e0243-b311-4e49-826b-49d3a5b8e3c8.fam
OBJECTMODELPOINTER=77c93bee-6b51-448c-bffc-3e5ae776b443.dev
TRANSFORMMATRIX=6.12323399573677E-17,0,-1,0,0,1,0,0,1,0,6.12323399573677E-17,0,135500,15988.739299681,17900,1
SUBDEVICES.NUM=0
SUBLOGICALMODELS.NUM=0
