ENTITYNAME=F4System
SYSCLASSIFYNAME=P_K_2
BASEFAMILY=446c6796-6f5b-4a81-9695-08ebc6122f4d.fam
OBJECTMODELPOINTER=3865937e-64cb-4f8b-be64-e7d4675a9875.dev
TRANSFORMMATRIX=-0.0799090708936912,-0.558675732078097,-0.825527689890478,0,0.989925105785659,-0.141591966351386,0,0,-0.11688808888911,-0.817210585743823,0.56436161565444,0,102570.719598343,48987.4712336142,6946.80030766874,1
SUBDEVICES.NUM=0
SUBLOGICALMODELS.NUM=0
