ENTITYNAME=F4System
SYSCLASSIFYNAME=P_K_1
BASEFAMILY=83e93a87-b8c7-43e3-a3b3-21e42caefe57.fam
OBJECTMODELPOINTER=42f41fe7-af4e-4e96-b8fd-5d879094b2f7.dev
TRANSFORMMATRIX=3.74939945665465E-33,6.12323399573677E-17,-1,0,-1,6.12323399573677E-17,0,0,6.12323399573677E-17,1,6.12323399573677E-17,0,71000,15988.739299681,14900,1
SUBDEVICES.NUM=0
SUBLOGICALMODELS.NUM=0
