ENTITYNAME=F4System
SYSCLASSIFYNAME=G_T_4
BASEFAMILY=529a32f2-cf6b-4b25-816e-e9271e47d381.fam
OBJECTMODELPOINTER=529a32f2-cf6b-4b25-816e-e9271e47d381.dev
TRANSFORMMATRIX=1,0,0,0,0,1,0,0,0,0,1,0,122699.522736981,73800.443240527,0,1
SUBDEVICES.NUM=0
SUBLOGICALMODELS.NUM=0
