ENTITYNAME=F4System
SYSCLASSIFYNAME=G_T_4
BASEFAMILY=53bdda71-5206-4187-b754-8253f5b68641.fam
OBJECTMODELPOINTER=53bdda71-5206-4187-b754-8253f5b68641.dev
TRANSFORMMATRIX=1,0,0,0,0,1,0,0,0,0,1,0,121899.522736981,73800.443240527,0,1
SUBDEVICES.NUM=0
SUBLOGICALMODELS.NUM=0
