ENTITYNAME=F4System
SYSCLASSIFYNAME=G_S_2
BASEFAMILY=768fead0-9f1b-4db1-b6b0-674a9931e0a9.fam
OBJECTMODELPOINTER=2c5dcb5c-e175-4045-ada3-4cbd98feab1c.dev
TRANSFORMMATRIX=1,0,0,0,0,1,0,0,0,0,1,0,231985.262479572,36493.6966581982,2532.11888640078,1
SUBDEVICES.NUM=0
SUBLOGICALMODELS.NUM=0
