ENTITYNAME=F4System
SYSCLASSIFYNAME=G_T_4
BASEFAMILY=65f0e829-5c75-4b06-8f79-9f611d46769c.fam
OBJECTMODELPOINTER=65f0e829-5c75-4b06-8f79-9f611d46769c.dev
TRANSFORMMATRIX=1,0,0,0,0,-1,0,0,0,0,1,0,16088.9441931015,50900.4432405735,0,1
SUBDEVICES.NUM=0
SUBLOGICALMODELS.NUM=0
