ENTITYNAME=F4System
SYSCLASSIFYNAME=G_T_4
BASEFAMILY=9f25efcf-9d2b-4e3a-965b-dd6e0943e318.fam
OBJECTMODELPOINTER=9f25efcf-9d2b-4e3a-965b-dd6e0943e318.dev
TRANSFORMMATRIX=1,0,0,0,0,1,0,0,0,0,1,0,81899.5171068817,127099.610513023,0,1
SUBDEVICES.NUM=0
SUBLOGICALMODELS.NUM=0
