ENTITYNAME=F4System
SYSCLASSIFYNAME=P_K_1
BASEFAMILY=740b6251-61e5-4d02-9f4b-37f9ace3f7d1.fam
OBJECTMODELPOINTER=7d2e69ca-7e99-4ddd-aa33-2bfb78029162.dev
TRANSFORMMATRIX=8.79064714692993E-15,-0.986678164442782,-0.162684356383221,0,1,0,0,0,0,-0.162684356383221,0.986678164442782,0,24500,15109.8050465256,17986.9852514892,1
SUBDEVICES.NUM=0
SUBLOGICALMODELS.NUM=0
