ENTITYNAME=F4System
SYSCLASSIFYNAME=1_0_6
BASEFAMILY=af5a3c57-f0e1-4a16-90a1-f561c145bcb2.fam
OBJECTMODELPOINTER=54876b6a-2c7a-457a-80d8-685fe690d8fd.dev
TRANSFORMMATRIX=-5.40832185465833E-14,0.97885174983286,-0.204570896877218,0,1,0,0,0,0,0.204570896877218,0.978851749832859,0,157000,16788.739299681,18000,1
SUBDEVICES.NUM=0
SUBLOGICALMODELS.NUM=0
