ENTITYNAME=F4System
SYSCLASSIFYNAME=P_K_1
BASEFAMILY=03941688-c074-4cb6-8cee-2443557d9d64.fam
OBJECTMODELPOINTER=7d2e69ca-7e99-4ddd-aa33-2bfb78029162.dev
TRANSFORMMATRIX=-0.286916356584366,-0.940056420381081,-0.184317472922836,0,0.956443393982345,-0.291917855068053,0,0,-0.0538055613471982,-0.176289229372566,0.982866760642224,0,117676.56942864,100875.239089402,19985.2546021662,1
SUBDEVICES.NUM=0
SUBLOGICALMODELS.NUM=0
