ENTITYNAME=F4System
SYSCLASSIFYNAME=P_K_6
BASEFAMILY=93420156-eb66-44be-83f6-2ad3947b319f.fam
OBJECTMODELPOINTER=53c7c2f2-18de-4212-a736-8f7474b072cd.dev
TRANSFORMMATRIX=-1.06632131807472E-14,-0.994013286481371,0.10925926184312,0,1,0,0,0,0,0.10925926184312,0.994013286481371,0,103000,-307.125963342509,17302.1786832264,1
SUBDEVICES.NUM=0
SUBLOGICALMODELS.NUM=0
