ENTITYNAME=F4System
SYSCLASSIFYNAME=G_J_1
BASEFAMILY=2ba91b2e-1d12-490a-b841-3660fda974af.fam
OBJECTMODELPOINTER=347de0dc-b7d8-4585-8516-fcd310d40749.dev
TRANSFORMMATRIX=6.12323399573677E-17,1,0,0,-1,6.12323399573677E-17,0,0,0,0,1,0,75012.9854664141,140999.610512924,20085.0000000017,1
SUBDEVICES.NUM=0
SUBLOGICALMODELS.NUM=0
