ENTITYNAME=F4System
SYSCLASSIFYNAME=P_K_3
BASEFAMILY=024157c3-ab0b-4a90-8fbd-8ca5bd08e769.fam
OBJECTMODELPOINTER=53c7c2f2-18de-4212-a736-8f7474b072cd.dev
TRANSFORMMATRIX=6.79317611428661E-14,-0.999709809985136,-0.0240893299924233,0,1,0,0,0,0,-0.0240893299924233,0.999709809985136,0,182000,35770.903312122,16021.7384660666,1
SUBDEVICES.NUM=0
SUBLOGICALMODELS.NUM=0
