ENTITYNAME=F4System
SYSCLASSIFYNAME=P_K_1
BASEFAMILY=2ff6d74f-dc5c-44c1-81f7-e0bbf9a9628e.fam
OBJECTMODELPOINTER=3865937e-64cb-4f8b-be64-e7d4675a9875.dev
TRANSFORMMATRIX=-6.21602508434744E-14,0.60204006467841,-0.798465879372448,0,-1,0,0,0,0,0.798465879372448,0.60204006467841,0,46500.1430093758,22159.6701305908,7028.46073736937,1
SUBDEVICES.NUM=0
SUBLOGICALMODELS.NUM=0
