ENTITYNAME=F4System
SYSCLASSIFYNAME=G_J_2
BASEFAMILY=89b8d373-0189-4d67-b527-a9ded4fb648d.fam
OBJECTMODELPOINTER=65576b45-87f1-456b-ad7e-f78ed76463fe.dev
TRANSFORMMATRIX=1,0,0,0,0,1,0,0,0,0,1,0,52999.9932746482,4999.53316666318,0,1
SUBDEVICES.NUM=0
SUBLOGICALMODELS.NUM=0
