ENTITYNAME=F4System
SYSCLASSIFYNAME=3_0_0
BASEFAMILY=c0ef90fd-5f6a-4cb6-8f1c-b95d4981df3b.fam
OBJECTMODELPOINTER=77c93bee-6b51-448c-bffc-3e5ae776b443.dev
TRANSFORMMATRIX=6.12323399573677E-17,0,-1,0,0,1,0,0,1,0,6.12323399573677E-17,0,24500,15988.739299681,17900,1
SUBDEVICES.NUM=0
SUBLOGICALMODELS.NUM=0
