ENTITYNAME=F4System
SYSCLASSIFYNAME=P_K_1
BASEFAMILY=009d7f5a-bb5a-4523-ba94-f5a6ecd88404.fam
OBJECTMODELPOINTER=4335ef22-8b9e-4bff-8c1f-3967f5374baa.dev
TRANSFORMMATRIX=3.74939945665465E-33,6.12323399573677E-17,-1,0,-1,6.12323399573677E-17,0,0,6.12323399573677E-17,1,6.12323399573677E-17,0,74500,15988.739299681,17900,1
SUBDEVICES.NUM=0
SUBLOGICALMODELS.NUM=0
