ENTITYNAME=F4System
SYSCLASSIFYNAME=P_K_4
BASEFAMILY=650401ac-8a69-4cda-aa2a-4da04e3bbc2b.fam
OBJECTMODELPOINTER=7d2e69ca-7e99-4ddd-aa33-2bfb78029162.dev
TRANSFORMMATRIX=-5.40832185465833E-14,0.97885174983286,-0.204570896877218,0,1,0,0,0,0,0.204570896877218,0.978851749832859,0,185500,16867.0474396676,17983.6343282498,1
SUBDEVICES.NUM=0
SUBLOGICALMODELS.NUM=0
