ENTITYNAME=F4System
SYSCLASSIFYNAME=G_J_1
BASEFAMILY=5056dfc3-2b2a-4b10-a4c7-268c11352b08.fam
OBJECTMODELPOINTER=347de0dc-b7d8-4585-8516-fcd310d40749.dev
TRANSFORMMATRIX=6.12323399573677E-17,1,0,0,-1,6.12323399573677E-17,0,0,0,0,1,0,46084.8282903604,182498.458837614,20085.0000000016,1
SUBDEVICES.NUM=0
SUBLOGICALMODELS.NUM=0
