ENTITYNAME=F4System
SYSCLASSIFYNAME=P_K_7
BASEFAMILY=28fb51d3-2c75-4935-a727-fb389aa42d5a.fam
OBJECTMODELPOINTER=21615058-6beb-420e-ab28-9a1566ce78b5.dev
TRANSFORMMATRIX=4.52492862786022E-15,-0.978455439052213,-0.206458116307258,0,1,0,0,0,0,-0.206458116307258,0.978455439052213,0,134999.252565753,153999.610512963,26021.0710678119,1
SUBDEVICES.NUM=0
SUBLOGICALMODELS.NUM=0
