ENTITYNAME=F4System
SYSCLASSIFYNAME=P_K_1
BASEFAMILY=62f67ca0-0bac-4ef8-9111-22bdaea29866.fam
OBJECTMODELPOINTER=3865937e-64cb-4f8b-be64-e7d4675a9875.dev
TRANSFORMMATRIX=-0.288622584828845,-0.945646728423903,-0.149830799730514,0,0.956443393982345,-0.291917855068053,0,0,-0.0437382856804628,-0.143304678617342,0.988711652329492,0,115522.954656369,93819.1081047412,18694.9594048722,1
SUBDEVICES.NUM=0
SUBLOGICALMODELS.NUM=0
