ENTITYNAME=F4System
SYSCLASSIFYNAME=&26?
BASEFAMILY=94f73cfe-3008-4c60-bb12-a10848860e80.fam
OBJECTMODELPOINTER=794f5423-972f-45e6-951d-5a8ebce06ccf.dev
TRANSFORMMATRIX=1,0,0,0,0,1,0,0,0,0,1,0,239121.438606389,40285.7128349682,170,1
SUBDEVICES.NUM=12
SUBDEVICE0=775d1671-420d-4888-9963-a4326a178260.cbm
SUBDEVICE1=1d7a2cf9-1b57-40b2-9527-2ed623586220.cbm
SUBDEVICE2=42374af4-def5-4461-ab40-6b91fd6890b5.cbm
SUBDEVICE3=bd9b2bff-312d-4175-9787-781f9aaec151.cbm
SUBDEVICE4=c459f36a-b532-4809-b979-ffb8bcac7112.cbm
SUBDEVICE5=21a8ea0f-7fe6-4aba-9e19-6ddf94b6f9d8.cbm
SUBDEVICE6=4f628979-d1a8-4d3b-a645-100b3fd7845c.cbm
SUBDEVICE7=685e9602-6b01-46a8-97c1-965022ee593b.cbm
SUBDEVICE8=6a150487-1ff6-4c99-a315-d737c879a9f8.cbm
SUBDEVICE9=1ff93a06-780d-4b85-929c-e6afb1be5993.cbm
SUBDEVICE10=22bb5caf-a330-439f-a5e1-e4617ef19aca.cbm
SUBDEVICE11=ce9255d1-60bf-4c9f-97b7-236542b159eb.cbm
SUBLOGICALMODELS.NUM=0
