ENTITYNAME=F4System
SYSCLASSIFYNAME=P_K_1
BASEFAMILY=64d03106-5701-4754-8425-bff90c049507.fam
OBJECTMODELPOINTER=53c7c2f2-18de-4212-a736-8f7474b072cd.dev
TRANSFORMMATRIX=-4.2105009155582E-14,-0.991413500705821,-0.130764179415576,0,1,0,0,0,0,-0.130764179415576,0.991413500705821,0,66000,43743.8200028289,16643.598194012,1
SUBDEVICES.NUM=0
SUBLOGICALMODELS.NUM=0
