ENTITYNAME=F4System
SYSCLASSIFYNAME=P_K_3
BASEFAMILY=3a3de0b4-b185-4e7d-a538-8a51a0cf56f8.fam
OBJECTMODELPOINTER=53c7c2f2-18de-4212-a736-8f7474b072cd.dev
TRANSFORMMATRIX=2.54703560434757E-14,-0.999550700962046,0.0299732581859645,0,1,0,0,0,0,0.0299732581859645,0.999550700962046,0,170000,31770.9206604664,16033.5192323538,1
SUBDEVICES.NUM=0
SUBLOGICALMODELS.NUM=0
