ENTITYNAME=F4System
SYSCLASSIFYNAME=G_J_2
BASEFAMILY=8fcc2b4e-c1c0-4729-9038-bed478aa2670.fam
OBJECTMODELPOINTER=65576b45-87f1-456b-ad7e-f78ed76463fe.dev
TRANSFORMMATRIX=1,0,0,0,0,1,0,0,0,0,1,0,70999.9932746702,4999.53316666318,0,1
SUBDEVICES.NUM=0
SUBLOGICALMODELS.NUM=0
