ENTITYNAME=F4System
SYSCLASSIFYNAME=P_K_1
BASEFAMILY=371cd8b2-2bff-446c-9749-206fe66387e3.fam
OBJECTMODELPOINTER=3865937e-64cb-4f8b-be64-e7d4675a9875.dev
TRANSFORMMATRIX=-0.15127240874454,-0.13180444318331,0.979665375069346,0,0.656925429978341,-0.75395555535308,0,0,0.738624151920593,0.643567097752323,0.200638363455839,0,106251.641023878,98345.4306364669,11717.6388967103,1
SUBDEVICES.NUM=0
SUBLOGICALMODELS.NUM=0
