ENTITYNAME=F4System
SYSCLASSIFYNAME=P_K_9
BASEFAMILY=56b886ff-79ad-4b90-8909-85aeaa7953b0.fam
OBJECTMODELPOINTER=3865937e-64cb-4f8b-be64-e7d4675a9875.dev
TRANSFORMMATRIX=-0.127176487429113,-0.987985146912644,0.0878150928097981,0,0.991816740732983,-0.127669701972719,0,0,0.0112113267277336,0.0870964791377783,0.996136792551508,0,100166.155300953,57963.8432531224,17447.9192361628,1
SUBDEVICES.NUM=0
SUBLOGICALMODELS.NUM=0
