ENTITYNAME=F4System
SYSCLASSIFYNAME=G_J_2
BASEFAMILY=4aa825d2-5ba0-437b-ac28-1ea8597aa2bc.fam
OBJECTMODELPOINTER=0efb089a-affa-47c6-a483-8cabf0c58502.dev
TRANSFORMMATRIX=1,0,0,0,0,1,0,0,0,0,1,0,72499.5226189971,72992.4064827573,0,1
SUBDEVICES.NUM=0
SUBLOGICALMODELS.NUM=0
