ENTITYNAME=F4System
SYSCLASSIFYNAME=1_1_6
BASEFAMILY=401f9dbc-e313-48c3-9f11-c1462ec1e02d.fam
OBJECTMODELPOINTER=54876b6a-2c7a-457a-80d8-685fe690d8fd.dev
TRANSFORMMATRIX=-2.11326711526333E-15,-0.948787721046716,-0.315914324447275,0,1,0,0,0,0,-0.315914324447275,0.948787721046716,0,9000,15188.739299681,18000,1
SUBDEVICES.NUM=0
SUBLOGICALMODELS.NUM=0
