ENTITYNAME=F4System
SYSCLASSIFYNAME=P_K_9
BASEFAMILY=3967418d-773b-431b-9605-33e61c015da4.fam
OBJECTMODELPOINTER=3865937e-64cb-4f8b-be64-e7d4675a9875.dev
TRANSFORMMATRIX=-6.21971240119112E-13,-0.999560726159502,-0.029637049777095,0,1,0,0,0,0,-0.029637049777095,0.999560726159502,0,185526.033787548,35993.5747976418,6790.54746559343,1
SUBDEVICES.NUM=0
SUBLOGICALMODELS.NUM=0
