ENTITYNAME=F4System
SYSCLASSIFYNAME=G_T_4
BASEFAMILY=18ae07d4-5797-43b5-97bd-fe1d14577917.fam
OBJECTMODELPOINTER=18ae07d4-5797-43b5-97bd-fe1d14577917.dev
TRANSFORMMATRIX=-1,1.22464679914735E-16,0,0,-1.22464679914735E-16,-1,0,0,0,0,1,0,15288.9441931015,47000.4432405735,0,1
SUBDEVICES.NUM=0
SUBLOGICALMODELS.NUM=0
