ENTITYNAME=F4System
SYSCLASSIFYNAME=P_K_1
BASEFAMILY=8bdf907a-d517-4acb-b5e8-0734a3c8f9ce.fam
OBJECTMODELPOINTER=3865937e-64cb-4f8b-be64-e7d4675a9875.dev
TRANSFORMMATRIX=1.70552206536522E-14,-0.739712743127301,-0.672922772430154,0,1,0,0,0,0,-0.672922772430154,0.739712743127301,0,90500,25056.0428556836,7502.80906118546,1
SUBDEVICES.NUM=0
SUBLOGICALMODELS.NUM=0
