ENTITYNAME=F4System
SYSCLASSIFYNAME=P_K_2
BASEFAMILY=8bab2285-2e3e-49f7-b9cc-7fafb7bd6d10.fam
OBJECTMODELPOINTER=53c7c2f2-18de-4212-a736-8f7474b072cd.dev
TRANSFORMMATRIX=-6.1695634248855E-14,-0.996492021981957,0.0836878134874502,0,1,0,0,0,0,0.0836878134874502,0.996492021981957,0,103000,27777.3993702131,16261.0883521683,1
SUBDEVICES.NUM=0
SUBLOGICALMODELS.NUM=0
