ENTITYNAME=F4System
SYSCLASSIFYNAME=P_K_1
BASEFAMILY=86bb7e80-9d20-466e-b3d7-b67ce412a300.fam
OBJECTMODELPOINTER=3865937e-64cb-4f8b-be64-e7d4675a9875.dev
TRANSFORMMATRIX=2.53136601498906E-14,0.423511786611694,-0.905890593063517,0,-1,0,0,0,0,0.905890593063517,0.423511786611694,0,49500.1430093758,18286.7149636069,6676.75469863752,1
SUBDEVICES.NUM=0
SUBLOGICALMODELS.NUM=0
