ENTITYNAME=F4System
SYSCLASSIFYNAME=G_T_4
BASEFAMILY=8b1c1128-db25-4a3b-aa10-e8a8afee9414.fam
OBJECTMODELPOINTER=8b1c1128-db25-4a3b-aa10-e8a8afee9414.dev
TRANSFORMMATRIX=-1,1.22464679914735E-16,0,0,-1.22464679914735E-16,-1,0,0,0,0,1,0,203238.944193101,47000.4432405735,0,1
SUBDEVICES.NUM=0
SUBLOGICALMODELS.NUM=0
