ENTITYNAME=F4System
SYSCLASSIFYNAME=2_8_7
BASEFAMILY=cb373757-c4ed-47e3-b67d-31a24469df91.fam
OBJECTMODELPOINTER=54876b6a-2c7a-457a-80d8-685fe690d8fd.dev
TRANSFORMMATRIX=0.0348557370748002,0.987754777005632,-0.15207096401196,0,0.999377964884981,-0.0352658943223392,0,0,0.00536291854634203,0.15197637053237,0.988369577589513,0,152000,52788.739299681,18000,1
SUBDEVICES.NUM=0
SUBLOGICALMODELS.NUM=0
