ENTITYNAME=F4System
SYSCLASSIFYNAME=3_0_7
BASEFAMILY=29eafe76-bb64-4851-af8d-82bcbee83616.fam
OBJECTMODELPOINTER=77c93bee-6b51-448c-bffc-3e5ae776b443.dev
TRANSFORMMATRIX=6.12323399573677E-17,0,-1,0,0,1,0,0,1,0,6.12323399573677E-17,0,49500.1430093758,15988.739299681,17900,1
SUBDEVICES.NUM=0
SUBLOGICALMODELS.NUM=0
