ENTITYNAME=F4System
SYSCLASSIFYNAME=P_K_1
BASEFAMILY=558ec5df-293c-41a3-b646-6fcc8de699d7.fam
OBJECTMODELPOINTER=54876b6a-2c7a-457a-80d8-685fe690d8fd.dev
TRANSFORMMATRIX=0.0863271959332012,0.990032711787789,-0.111278231619794,0,0.996219943827929,-0.0868666997155877,0,0,0.00966637273099824,0.110857593653542,0.993789291131461,0,173500,52788.739299681,18000,1
SUBDEVICES.NUM=0
SUBLOGICALMODELS.NUM=0
