ENTITYNAME=F4System
SYSCLASSIFYNAME=G_N_1
BASEFAMILY=3768be71-33f4-41e4-83f3-e9ac43ef45b7.fam
OBJECTMODELPOINTER=756bfc4a-611b-4742-9329-91056c10e41d.dev
TRANSFORMMATRIX=1,0,0,0,0,1,0,0,0,0,1,0,88699.0227369808,72299.943887688,0,1
SUBDEVICES.NUM=1
SUBDEVICE0=d3fcdaa9-1f14-4775-bdac-ebc2c0a48e8f.cbm
SUBLOGICALMODELS.NUM=0
