ENTITYNAME=F4System
SYSCLASSIFYNAME=P_K_9
BASEFAMILY=67257ca3-8a1e-46de-934b-79d17c0ab60f.fam
OBJECTMODELPOINTER=74f46652-03ac-4eba-92af-f59215015550.dev
TRANSFORMMATRIX=3.74939945665465E-33,6.12323399573677E-17,-1,0,-1,6.12323399573677E-17,0,0,6.12323399573677E-17,1,6.12323399573677E-17,0,91000,51988.739299681,17900,1
SUBDEVICES.NUM=0
SUBLOGICALMODELS.NUM=0
