ENTITYNAME=F4System
SYSCLASSIFYNAME=3_0_7
BASEFAMILY=68ed3ca7-6c31-4bfb-a4bb-66e73832a1a2.fam
OBJECTMODELPOINTER=77c93bee-6b51-448c-bffc-3e5ae776b443.dev
TRANSFORMMATRIX=6.12323399573677E-17,0,-1,0,0,1,0,0,1,0,6.12323399573677E-17,0,53000,15988.739299681,17900,1
SUBDEVICES.NUM=0
SUBLOGICALMODELS.NUM=0
