ENTITYNAME=F4System
SYSCLASSIFYNAME=P_K_1
BASEFAMILY=2d6a3602-bc9e-46af-a11f-7fdf2bddc6d2.fam
OBJECTMODELPOINTER=4341f697-acf0-406b-93e5-bcaf53691342.dev
TRANSFORMMATRIX=-8.87302804279892E-15,-0.978851749832859,-0.20457089687722,0,1,0,0,0,0,-0.20457089687722,0.978851749832859,0,74500,51188.739299681,18000,1
SUBDEVICES.NUM=0
SUBLOGICALMODELS.NUM=0
