ENTITYNAME=F4System
SYSCLASSIFYNAME=&HGI
BASEFAMILY=50bb8b17-fadc-415a-a4fd-922044bce609.fam
OBJECTMODELPOINTER=3dced576-71e4-415f-be5b-84af82f4692a.dev
TRANSFORMMATRIX=-1,1.22464679914735E-16,0,0,-1.22464679914735E-16,-1,0,0,0,0,1,0,87499.9999999996,29928.0427171186,0,1
SUBDEVICES.NUM=12
SUBDEVICE0=2980bb8c-a478-441c-9717-d8546ab7f7a5.cbm
SUBDEVICE1=11983fb0-5761-42ac-b6a0-8919b161c812.cbm
SUBDEVICE2=a3406cf0-a41e-4754-8f09-3356dd301059.cbm
SUBDEVICE3=6731a5b5-c526-430d-b26b-6eaec680b377.cbm
SUBDEVICE4=cef7deaa-3a13-4d71-a082-38ff593cfee3.cbm
SUBDEVICE5=50aa0668-7b52-4794-bbc8-2b5efa9d3885.cbm
SUBDEVICE6=1b80cec2-8738-47b7-85c2-f8710960094a.cbm
SUBDEVICE7=7fb093dd-87fa-4d77-ad2c-a5e1650c03e2.cbm
SUBDEVICE8=e752744a-3219-45b3-b99c-d3d7f0f4a99f.cbm
SUBDEVICE9=afe327fc-486f-4b4d-98c4-23399bbc624f.cbm
SUBDEVICE10=b947ad2f-6873-4b80-a1ac-174bc8e7679a.cbm
SUBDEVICE11=6d5a33fa-4c93-4da5-82c0-7f7c7ba3d909.cbm
SUBLOGICALMODELS.NUM=0
