ENTITYNAME=F4System
SYSCLASSIFYNAME=3_5_3
BASEFAMILY=7c05c38d-be41-435a-bd5b-f0c32cd535d0.fam
OBJECTMODELPOINTER=77c93bee-6b51-448c-bffc-3e5ae776b443.dev
TRANSFORMMATRIX=6.12323399573677E-17,0,-1,0,0,1,0,0,1,0,6.12323399573677E-17,0,27998.9734029565,15988.739299681,17900,1
SUBDEVICES.NUM=0
SUBLOGICALMODELS.NUM=0
