ENTITYNAME=F4System
SYSCLASSIFYNAME=P_K_1
BASEFAMILY=2b82c76c-8f37-4bda-83b1-d9940f0274af.fam
OBJECTMODELPOINTER=242a9ab8-72e9-445c-8431-1b550c6a2727.dev
TRANSFORMMATRIX=-0.0474135853032392,0.992628404567994,-0.111538344857235,0,0.99886116757302,0.047711297557944,0,0,-0.00532163916060412,0.11141132137326,0.993760130829623,0,95857.7592440903,55766.624513385,17665.3849654283,1
SUBDEVICES.NUM=0
SUBLOGICALMODELS.NUM=0
