ENTITYNAME=F4System
SYSCLASSIFYNAME=P_K_3
BASEFAMILY=116f5d38-a7f3-42c2-9a1b-1fcd03b0473a.fam
OBJECTMODELPOINTER=53c7c2f2-18de-4212-a736-8f7474b072cd.dev
TRANSFORMMATRIX=-1.25242798785993E-13,-0.996492021981957,0.0836878134874502,0,1,0,0,0,0,0.0836878134874502,0.996492021981957,0,152000,27777.3993702131,16261.0883521683,1
SUBDEVICES.NUM=0
SUBLOGICALMODELS.NUM=0
