ENTITYNAME=F4System
SYSCLASSIFYNAME=P_K_4
BASEFAMILY=5fa56993-b81f-4b53-b1ab-40ba4a8b469f.fam
OBJECTMODELPOINTER=54876b6a-2c7a-457a-80d8-685fe690d8fd.dev
TRANSFORMMATRIX=2.74641344181871E-15,-0.978851749832859,-0.20457089687722,0,1,0,0,0,0,-0.20457089687722,0.978851749832859,0,185500,51188.739299681,18000,1
SUBDEVICES.NUM=0
SUBLOGICALMODELS.NUM=0
