ENTITYNAME=F4System
SYSCLASSIFYNAME=3_2_1
BASEFAMILY=ed6ec008-f7d3-4483-b9c9-c1c53ec86f13.fam
OBJECTMODELPOINTER=77c93bee-6b51-448c-bffc-3e5ae776b443.dev
TRANSFORMMATRIX=6.12323399573677E-17,0,-1,0,0,1,0,0,1,0,6.12323399573677E-17,0,145000,15988.739299681,17900,1
SUBDEVICES.NUM=0
SUBLOGICALMODELS.NUM=0
