ENTITYNAME=F4System
SYSCLASSIFYNAME=P_K_1
BASEFAMILY=311a2374-e906-42f4-a4bc-4aa1aae1a23d.fam
OBJECTMODELPOINTER=7d2e69ca-7e99-4ddd-aa33-2bfb78029162.dev
TRANSFORMMATRIX=-4.59496095073515E-15,-0.978851749832859,-0.20457089687722,0,1,0,0,0,0,-0.20457089687722,0.978851749832859,0,62500,51110.4311596944,17983.6343282498,1
SUBDEVICES.NUM=0
SUBLOGICALMODELS.NUM=0
