ENTITYNAME=F4System
SYSCLASSIFYNAME=P_K_3
BASEFAMILY=0b0b128b-f49f-4fd6-b080-6e105e219d9e.fam
OBJECTMODELPOINTER=53c7c2f2-18de-4212-a736-8f7474b072cd.dev
TRANSFORMMATRIX=-1.01052021973397E-13,-0.991413500705821,-0.130764179415576,0,1,0,0,0,0,-0.130764179415576,0.991413500705821,0,173500,43743.8200028289,16643.598194012,1
SUBDEVICES.NUM=0
SUBLOGICALMODELS.NUM=0
