ENTITYNAME=F4System
SYSCLASSIFYNAME=P_K_9
BASEFAMILY=88cee425-3795-439a-9074-2f471dfd5190.fam
OBJECTMODELPOINTER=53c7c2f2-18de-4212-a736-8f7474b072cd.dev
TRANSFORMMATRIX=-1.11144364519152E-14,-0.996963369817925,-0.0778719412965167,0,1,0,0,0,0,-0.0778719412965167,0.996963369817925,0,59000,39765.6905424752,16225.8829840113,1
SUBDEVICES.NUM=0
SUBLOGICALMODELS.NUM=0
