ENTITYNAME=F4System
SYSCLASSIFYNAME=G_S_1
BASEFAMILY=7677bbe9-59b5-4df8-a375-e111555717d5.fam
OBJECTMODELPOINTER=7677bbe9-59b5-4df8-a375-e111555717d5.dev
TRANSFORMMATRIX=1,0,0,0,0,1,0,0,0,0,1,0,93699.5227758359,84304.6885750687,0,1
SUBDEVICES.NUM=4
SUBDEVICE0=46124526-56d9-4c7a-94aa-279412fde810.cbm
SUBDEVICE1=e07bdd1b-db85-4c5d-b53d-0ba5d9f9fcfb.cbm
SUBDEVICE2=6b213bca-0fab-4bfd-aaac-107a77f3a48c.cbm
SUBDEVICE3=b2a6a0be-19c6-4bd6-93e3-12f75f425024.cbm
SUBLOGICALMODELS.NUM=0
