ENTITYNAME=F4System
SYSCLASSIFYNAME=P_K_1
BASEFAMILY=0dfa4edd-820a-496e-b301-ff0890e74bac.fam
OBJECTMODELPOINTER=3865937e-64cb-4f8b-be64-e7d4675a9875.dev
TRANSFORMMATRIX=9.69227381629345E-14,-0.356521192471298,-0.934287235981978,0,1,0,0,0,0,-0.934287235981978,0.356521192471298,0,74500,50735.3870712667,10531.4334030415,1
SUBDEVICES.NUM=0
SUBLOGICALMODELS.NUM=0
