ENTITYNAME=F4System
SYSCLASSIFYNAME=1_0_5
BASEFAMILY=429f0912-8f5e-44fa-b439-f3213641a698.fam
OBJECTMODELPOINTER=54876b6a-2c7a-457a-80d8-685fe690d8fd.dev
TRANSFORMMATRIX=1.28870169193032E-14,-0.978851749832859,-0.20457089687722,0,1,0,0,0,0,-0.20457089687722,0.978851749832859,0,157000,51188.739299681,18000,1
SUBDEVICES.NUM=0
SUBLOGICALMODELS.NUM=0
