ENTITYNAME=F4System
SYSCLASSIFYNAME=P_K_3
BASEFAMILY=39d98359-1d9b-44c2-8367-13869f555c48.fam
OBJECTMODELPOINTER=53c7c2f2-18de-4212-a736-8f7474b072cd.dev
TRANSFORMMATRIX=8.49011868115856E-15,-0.999550700962046,0.0299732581859645,0,1,0,0,0,0,0.0299732581859645,0.999550700962046,0,185500,31770.9206604664,16033.5192323538,1
SUBDEVICES.NUM=0
SUBLOGICALMODELS.NUM=0
