ENTITYNAME=F4System
SYSCLASSIFYNAME=P_K_4
BASEFAMILY=6ae8b907-a3fa-4cda-818b-fd946b8cae92.fam
OBJECTMODELPOINTER=21615058-6beb-420e-ab28-9a1566ce78b5.dev
TRANSFORMMATRIX=-1.08598287068645E-13,-0.978455439052213,-0.206458116307258,0,1,0,0,0,0,-0.206458116307258,0.978455439052213,0,162002.263055386,153999.610512963,26021.0710678119,1
SUBDEVICES.NUM=0
SUBLOGICALMODELS.NUM=0
