ENTITYNAME=F4System
SYSCLASSIFYNAME=G_J_2
BASEFAMILY=1cbbd8b8-59e8-4704-aed8-64d13d3ce164.fam
OBJECTMODELPOINTER=65576b45-87f1-456b-ad7e-f78ed76463fe.dev
TRANSFORMMATRIX=1,0,0,0,0,1,0,0,0,0,1,0,49499.993274632,4999.53316666318,0,1
SUBDEVICES.NUM=0
SUBLOGICALMODELS.NUM=0
