ENTITYNAME=F4System
SYSCLASSIFYNAME=G_J_2
BASEFAMILY=979c271c-5a4a-40dc-b186-a88d9608aa33.fam
OBJECTMODELPOINTER=65576b45-87f1-456b-ad7e-f78ed76463fe.dev
TRANSFORMMATRIX=1,0,0,0,0,1,0,0,0,0,1,0,52500,33500.1706479003,-2.27373675443232E-13,1
SUBDEVICES.NUM=0
SUBLOGICALMODELS.NUM=0
