ENTITYNAME=F4System
SYSCLASSIFYNAME=P_H_2
BASEFAMILY=640e3bcc-857d-43cb-91ac-bc4767c40325.fam
OBJECTMODELPOINTER=8e254d87-904c-46cc-a3f5-1c261bf23209.dev
TRANSFORMMATRIX=6.12323399573677E-17,1,0,0,-1,6.12323399573677E-17,0,0,0,0,1,0,92199.5222977136,76800.4465293697,8210,1
SUBDEVICES.NUM=0
SUBLOGICALMODELS.NUM=0
