ENTITYNAME=F4System
SYSCLASSIFYNAME=P_K_3
BASEFAMILY=1138bdbc-4f90-4f2f-8322-e84db5d185a7.fam
OBJECTMODELPOINTER=4341f697-acf0-406b-93e5-bcaf53691342.dev
TRANSFORMMATRIX=5.70408945608502E-15,-0.978851749832859,-0.20457089687722,0,1,0,0,0,0,-0.20457089687722,0.978851749832859,0,152000,51188.739299681,18000,1
SUBDEVICES.NUM=0
SUBLOGICALMODELS.NUM=0
