ENTITYNAME=F4System
SYSCLASSIFYNAME=P_K_3
BASEFAMILY=2f28af8d-9492-4a5d-83a7-eb5ceb616e61.fam
OBJECTMODELPOINTER=21615058-6beb-420e-ab28-9a1566ce78b5.dev
TRANSFORMMATRIX=2.17196574137288E-13,0.978455439052219,-0.20645811630723,0,1,0,0,0,0,0.20645811630723,0.978455439052219,0,177002.263055386,128312.610512964,26021.0710678119,1
SUBDEVICES.NUM=0
SUBLOGICALMODELS.NUM=0
