ENTITYNAME=F4System
SYSCLASSIFYNAME=P_H_1
BASEFAMILY=53df60f2-e299-4368-8527-cb3261f4e989.fam
OBJECTMODELPOINTER=8e254d87-904c-46cc-a3f5-1c261bf23209.dev
TRANSFORMMATRIX=1,0,0,0,0,1,0,0,0,0,1,0,104999.545127112,85799.9969065852,6582,1
SUBDEVICES.NUM=0
SUBLOGICALMODELS.NUM=0
