ENTITYNAME=F4System
SYSCLASSIFYNAME=P_K_2
BASEFAMILY=9c023b4f-52a8-448b-ab75-f883f086aa96.fam
OBJECTMODELPOINTER=53c7c2f2-18de-4212-a736-8f7474b072cd.dev
TRANSFORMMATRIX=-1.11224069460422E-13,-0.996492021981957,0.0836878134874502,0,1,0,0,0,0,0.0836878134874502,0.996492021981957,0,148500,27777.3993702131,16261.0883521683,1
SUBDEVICES.NUM=0
SUBLOGICALMODELS.NUM=0
