ENTITYNAME=F4System
SYSCLASSIFYNAME=P_K_1
BASEFAMILY=89c09ae6-1c4f-4b58-9296-ffac93b069c3.fam
OBJECTMODELPOINTER=53c7c2f2-18de-4212-a736-8f7474b072cd.dev
TRANSFORMMATRIX=-7.30693203054499E-14,-0.996492021981957,0.0836878134874502,0,1,0,0,0,0,0.0836878134874502,0.996492021981957,0,71000,27777.3993702131,16261.0883521683,1
SUBDEVICES.NUM=0
SUBLOGICALMODELS.NUM=0
