ENTITYNAME=F4System
SYSCLASSIFYNAME=G_S_1
BASEFAMILY=8d17fb9d-13b7-4739-b9e1-e766a09f6e64.fam
OBJECTMODELPOINTER=7677bbe9-59b5-4df8-a375-e111555717d5.dev
TRANSFORMMATRIX=1,0,0,0,0,1,0,0,0,0,1,0,61000.0227369802,78799.9438876876,0,1
SUBDEVICES.NUM=4
SUBDEVICE0=48f24d98-21a0-47b2-8140-3caa37445b4e.cbm
SUBDEVICE1=bee43b51-35ec-433a-a98a-a7f0ebb9c8de.cbm
SUBDEVICE2=3446c48d-8f0d-48a2-b811-3a06e2dd0234.cbm
SUBDEVICE3=0969b235-69e2-42c3-b2c3-f0f07bcdbf97.cbm
SUBLOGICALMODELS.NUM=0
