ENTITYNAME=F4System
SYSCLASSIFYNAME=P_K_2
BASEFAMILY=203a23c6-cd8e-46a4-aaf2-413d981c731d.fam
OBJECTMODELPOINTER=53c7c2f2-18de-4212-a736-8f7474b072cd.dev
TRANSFORMMATRIX=-7.57890164800476E-14,-0.991413500705821,-0.130764179415576,0,1,0,0,0,0,-0.130764179415576,0.991413500705821,0,103000,43743.8200028289,16643.598194012,1
SUBDEVICES.NUM=0
SUBLOGICALMODELS.NUM=0
