ENTITYNAME=F4System
SYSCLASSIFYNAME=G_J_2
BASEFAMILY=3d0e360f-fd23-45a0-9040-0600b4a938d4.fam
OBJECTMODELPOINTER=65576b45-87f1-456b-ad7e-f78ed76463fe.dev
TRANSFORMMATRIX=1,0,0,0,0,1,0,0,0,0,1,0,40999.9932746482,4999.53316666318,0,1
SUBDEVICES.NUM=0
SUBLOGICALMODELS.NUM=0
