ENTITYNAME=F4System
SYSCLASSIFYNAME=G_J_2
BASEFAMILY=294479e1-6032-4749-9d23-ac70ff42fd43.fam
OBJECTMODELPOINTER=0efb089a-affa-47c6-a483-8cabf0c58502.dev
TRANSFORMMATRIX=1,0,0,0,0,1,0,0,0,0,1,0,104329.522736682,95500.4436029865,0,1
SUBDEVICES.NUM=0
SUBLOGICALMODELS.NUM=0
