ENTITYNAME=F4System
SYSCLASSIFYNAME=P_K_6
BASEFAMILY=295e91f7-57e7-4a47-b50f-d9b99123eacb.fam
OBJECTMODELPOINTER=53c7c2f2-18de-4212-a736-8f7474b072cd.dev
TRANSFORMMATRIX=1.03678951566869E-14,-0.982583751803003,0.185820264483546,0,1,0,0,0,0,0.185820264483546,0.982583751803003,0,120000,-4263.17371913671,17893.5213536602,1
SUBDEVICES.NUM=0
SUBLOGICALMODELS.NUM=0
