ENTITYNAME=F4System
SYSCLASSIFYNAME=G_T_4
BASEFAMILY=177d4263-4d21-457e-a2b3-f9d45ffbc15e.fam
OBJECTMODELPOINTER=177d4263-4d21-457e-a2b3-f9d45ffbc15e.dev
TRANSFORMMATRIX=1,0,0,0,0,-1,0,0,0,0,1,0,89899.5171068817,129599.610513023,0,1
SUBDEVICES.NUM=0
SUBLOGICALMODELS.NUM=0
