ENTITYNAME=F4System
SYSCLASSIFYNAME=G_J_2
BASEFAMILY=3ee3b220-f684-4c42-96c2-24433d8ee617.fam
OBJECTMODELPOINTER=8d19c434-e3db-4ef3-a5a5-696fed9926b8.dev
TRANSFORMMATRIX=1,0,0,0,0,1,0,0,0,0,1,0,124749.12931019,197999.610512918,-3.63797880709213E-13,1
SUBDEVICES.NUM=0
SUBLOGICALMODELS.NUM=0
