ENTITYNAME=F4System
SYSCLASSIFYNAME=P_K_5
BASEFAMILY=9b3143f1-2a0a-429d-85a8-7c82df34561b.fam
OBJECTMODELPOINTER=7d2e69ca-7e99-4ddd-aa33-2bfb78029162.dev
TRANSFORMMATRIX=8.79064714692993E-15,-0.986678164442782,-0.162684356383221,0,1,0,0,0,0,-0.162684356383221,0.986678164442782,0,37500,15109.8050465256,17986.9852514893,1
SUBDEVICES.NUM=0
SUBLOGICALMODELS.NUM=0
