ENTITYNAME=F4System
SYSCLASSIFYNAME=P_K_5
BASEFAMILY=68e31bff-c594-49e6-95c5-f60f33fbd7bb.fam
OBJECTMODELPOINTER=53c7c2f2-18de-4212-a736-8f7474b072cd.dev
TRANSFORMMATRIX=1.03678951566869E-14,-0.982583751803003,0.185820264483546,0,1,0,0,0,0,0.185820264483546,0.982583751803003,0,71000,-4263.17371913671,17893.5213536602,1
SUBDEVICES.NUM=0
SUBLOGICALMODELS.NUM=0
