ENTITYNAME=F4System
SYSCLASSIFYNAME=P_K_7
BASEFAMILY=41b8a6f2-ef2e-45de-88dc-18cc96c10ccb.fam
OBJECTMODELPOINTER=53c7c2f2-18de-4212-a736-8f7474b072cd.dev
TRANSFORMMATRIX=-1.06632131807472E-14,-0.994013286481371,0.10925926184312,0,1,0,0,0,0,0.10925926184312,0.994013286481371,0,210500,-307.125963342509,17302.1786832264,1
SUBDEVICES.NUM=0
SUBLOGICALMODELS.NUM=0
