ENTITYNAME=F4System
SYSCLASSIFYNAME=P_K_7
BASEFAMILY=01affe9b-8c6f-459b-a7d2-bc1506a171b5.fam
OBJECTMODELPOINTER=54876b6a-2c7a-457a-80d8-685fe690d8fd.dev
TRANSFORMMATRIX=8.79064714692993E-15,-0.986678164442782,-0.162684356383221,0,1,0,0,0,0,-0.162684356383221,0.986678164442782,0,207000,15188.739299681,18000,1
SUBDEVICES.NUM=0
SUBLOGICALMODELS.NUM=0
