ENTITYNAME=F4System
SYSCLASSIFYNAME=G_J_2
BASEFAMILY=70013e69-cf12-47ed-9876-80a491cd8f20.fam
OBJECTMODELPOINTER=0efb089a-affa-47c6-a483-8cabf0c58502.dev
TRANSFORMMATRIX=1,0,0,0,0,1,0,0,0,0,1,0,116329.522737055,93000.4436029865,0,1
SUBDEVICES.NUM=0
SUBLOGICALMODELS.NUM=0
