ENTITYNAME=F4System
SYSCLASSIFYNAME=G_J_2
BASEFAMILY=3a38f037-3d55-4967-92ae-77e2ce5df86d.fam
OBJECTMODELPOINTER=65576b45-87f1-456b-ad7e-f78ed76463fe.dev
TRANSFORMMATRIX=1,0,0,0,0,1,0,0,0,0,1,0,74499.993274632,4999.53316666318,0,1
SUBDEVICES.NUM=0
SUBLOGICALMODELS.NUM=0
