ENTITYNAME=F4System
SYSCLASSIFYNAME=G_S_2
BASEFAMILY=1ad12777-2389-4eda-91db-cdf159ae74e4.fam
OBJECTMODELPOINTER=5ebbe93d-26ac-4720-a13a-ec62bf93ff6b.dev
TRANSFORMMATRIX=1,0,0,0,0,1,0,0,0,0,1,0,49500.2883311043,40921.0427173128,-0.371428704012578,1
SUBDEVICES.NUM=12
SUBDEVICE0=73b84ef7-4bdb-40b6-9b51-5254f2c0ef90.cbm
SUBDEVICE1=ea7fc15b-11f7-4ba6-ace8-36b9db7cae6f.cbm
SUBDEVICE2=d2e0f4f0-694b-4870-a88f-49715ac64de5.cbm
SUBDEVICE3=b882649b-e0df-4404-b656-1d6fe12cd6c2.cbm
SUBDEVICE4=0645dc66-4d14-4476-8894-63d0922cafd8.cbm
SUBDEVICE5=d2db3785-3aa9-43e4-895e-3c252cd2bd01.cbm
SUBDEVICE6=41f6c49b-879f-4bea-84ae-44ba655cd6db.cbm
SUBDEVICE7=24d0fb92-528c-4a59-8272-c203dc573a50.cbm
SUBDEVICE8=81c2be1f-913d-4908-80bc-50792a5c3121.cbm
SUBDEVICE9=91c44b18-7ad3-44e1-a07f-dc611cb90e15.cbm
SUBDEVICE10=9b15ad1c-13d7-481a-a92a-c3c12c859e75.cbm
SUBDEVICE11=d7f54c91-84a3-4bf9-a82f-143b986c3f2d.cbm
SUBLOGICALMODELS.NUM=0
