ENTITYNAME=F4System
SYSCLASSIFYNAME=G_T_4
BASEFAMILY=8a8c6161-096b-441c-8b30-2b2a0ef15025.fam
OBJECTMODELPOINTER=8a8c6161-096b-441c-8b30-2b2a0ef15025.dev
TRANSFORMMATRIX=1,0,0,0,0,1,0,0,0,0,1,0,83499.5171068817,127099.610513023,0,1
SUBDEVICES.NUM=0
SUBLOGICALMODELS.NUM=0
