ENTITYNAME=F4System
SYSCLASSIFYNAME=P_K_2
BASEFAMILY=0f540261-7694-42f6-a1b3-96e851522f10.fam
OBJECTMODELPOINTER=4341f697-acf0-406b-93e5-bcaf53691342.dev
TRANSFORMMATRIX=-2.70416092732917E-14,0.97885174983286,-0.204570896877218,0,1,0,0,0,0,0.204570896877218,0.978851749832859,0,145000,16788.739299681,18000,1
SUBDEVICES.NUM=0
SUBLOGICALMODELS.NUM=0
