ENTITYNAME=F4System
SYSCLASSIFYNAME=2_4_4
BASEFAMILY=15e1a66e-4a7f-404a-a8bb-40e150801f30.fam
OBJECTMODELPOINTER=77c93bee-6b51-448c-bffc-3e5ae776b443.dev
TRANSFORMMATRIX=6.12323399573677E-17,0,-1,0,0,-1,0,0,1,0,6.12323399573677E-17,0,96000,51988.739299681,17900,1
SUBDEVICES.NUM=0
SUBLOGICALMODELS.NUM=0
