ENTITYNAME=F4System
SYSCLASSIFYNAME=P_H_1
BASEFAMILY=1fd0e15d-2284-4843-9796-2afcddf5c5a9.fam
OBJECTMODELPOINTER=8e254d87-904c-46cc-a3f5-1c261bf23209.dev
TRANSFORMMATRIX=1,0,0,0,0,1,0,0,0,0,1,0,118799.35425626,91500.0639834773,6582,1
SUBDEVICES.NUM=0
SUBLOGICALMODELS.NUM=0
