ENTITYNAME=F4System
SYSCLASSIFYNAME=G_V_1
BASEFAMILY=9266b98b-c234-4698-bbd1-37428d07fd60.fam
OBJECTMODELPOINTER=9266b98b-c234-4698-bbd1-37428d07fd60.dev
TRANSFORMMATRIX=1,0,0,0,0,1,0,0,0,0,1,0,-17028.886737599,111115.62950963,0,1
SUBDEVICES.NUM=0
SUBLOGICALMODELS.NUM=0
