ENTITYNAME=F4System
SYSCLASSIFYNAME=P_K_2
BASEFAMILY=880d8032-9a7e-4ba2-934d-b815cf95e358.fam
OBJECTMODELPOINTER=53c7c2f2-18de-4212-a736-8f7474b072cd.dev
TRANSFORMMATRIX=6.79209494492685E-14,-0.999550700962046,0.0299732581859645,0,1,0,0,0,0,0.0299732581859645,0.999550700962046,0,148500,31770.9206604664,16033.5192323538,1
SUBDEVICES.NUM=0
SUBLOGICALMODELS.NUM=0
