ENTITYNAME=F4System
SYSCLASSIFYNAME=G_J_1
BASEFAMILY=08f9a138-292a-421d-83f4-45b5df1a9eb5.fam
OBJECTMODELPOINTER=347de0dc-b7d8-4585-8516-fcd310d40749.dev
TRANSFORMMATRIX=-1.83697019872103E-16,1,0,0,1,1.83697019872103E-16,0,0,0,0,1,0,182902.942203815,182498.458837614,20085.0000000016,1
SUBDEVICES.NUM=0
SUBLOGICALMODELS.NUM=0
