ENTITYNAME=F4System
SYSCLASSIFYNAME=P_K_2
BASEFAMILY=1b898954-8f67-494a-8d7b-8361ce89ae5d.fam
OBJECTMODELPOINTER=53c7c2f2-18de-4212-a736-8f7474b072cd.dev
TRANSFORMMATRIX=3.17555327197577E-15,-0.996963369817925,-0.0778719412965167,0,1,0,0,0,0,-0.0778719412965167,0.996963369817925,0,145000,39765.6905424752,16225.8829840113,1
SUBDEVICES.NUM=0
SUBLOGICALMODELS.NUM=0
