ENTITYNAME=F4System
SYSCLASSIFYNAME=G_J_2
BASEFAMILY=359d7939-9a6d-45c2-8f9a-ca2435aa2b55.fam
OBJECTMODELPOINTER=0efb089a-affa-47c6-a483-8cabf0c58502.dev
TRANSFORMMATRIX=1,0,0,0,0,1,0,0,0,0,1,0,93129.5227366831,93000.4436029865,0,1
SUBDEVICES.NUM=0
SUBLOGICALMODELS.NUM=0
