ENTITYNAME=F4System
SYSCLASSIFYNAME=G_T_4
BASEFAMILY=951eadf4-81b3-426e-a965-c29b79f45e5b.fam
OBJECTMODELPOINTER=376aef1f-6dab-4885-878b-50bfceabeab7.dev
TRANSFORMMATRIX=6.12323399573677E-17,1,0,0,-1,6.12323399573677E-17,0,0,0,0,1,0,183019.509228873,175685.005164487,870.900476795228,1
SUBDEVICES.NUM=0
SUBLOGICALMODELS.NUM=0
