ENTITYNAME=F4System
SYSCLASSIFYNAME=G_V_1
BASEFAMILY=95b3b13d-a84a-46f0-9d09-8e1275dfe15f.fam
OBJECTMODELPOINTER=9266b98b-c234-4698-bbd1-37428d07fd60.dev
TRANSFORMMATRIX=1,0,0,0,0,1,0,0,0,0,1,0,-6560.21262928424,123090.47814573,0,1
SUBDEVICES.NUM=0
SUBLOGICALMODELS.NUM=0
