ENTITYNAME=F4System
SYSCLASSIFYNAME=P_K_1
BASEFAMILY=6d590d03-103f-4398-ae51-59c4f37363f6.fam
OBJECTMODELPOINTER=54876b6a-2c7a-457a-80d8-685fe690d8fd.dev
TRANSFORMMATRIX=0.253468032847059,0.961252851857493,-0.10838316806811,0,0.966948960946464,-0.254970011814241,0,0,0.0276344576427908,0.104800991747545,0.994109193639974,0,177000,52788.739299681,18000,1
SUBDEVICES.NUM=0
SUBLOGICALMODELS.NUM=0
