ENTITYNAME=F4System
SYSCLASSIFYNAME=P_K_1
BASEFAMILY=0dd3abf9-5b1e-4d0f-bba0-edbade9bbb5e.fam
OBJECTMODELPOINTER=878faf34-e1c0-44bf-9b6a-83b85c5c8040.dev
TRANSFORMMATRIX=-1.16194414846176E-15,-0.978851749832859,-0.20457089687722,0,1,0,0,0,0,-0.20457089687722,0.978851749832859,0,78000,51188.739299681,18000,1
SUBDEVICES.NUM=0
SUBLOGICALMODELS.NUM=0
