ENTITYNAME=F4System
SYSCLASSIFYNAME=P_K_9
BASEFAMILY=04b56822-b719-48e9-9d95-bf1e2491d5f1.fam
OBJECTMODELPOINTER=42f41fe7-af4e-4e96-b8fd-5d879094b2f7.dev
TRANSFORMMATRIX=6.12323399573677E-17,0,-1,0,0,1,0,0,1,0,6.12323399573677E-17,0,74500,51988.739299681,14900,1
SUBDEVICES.NUM=0
SUBLOGICALMODELS.NUM=0
