ENTITYNAME=F4System
SYSCLASSIFYNAME=3_0_9
BASEFAMILY=b6920a80-7812-4200-88c8-6672d70ab230.fam
OBJECTMODELPOINTER=77c93bee-6b51-448c-bffc-3e5ae776b443.dev
TRANSFORMMATRIX=6.12323399573677E-17,0,-1,0,0,1,0,0,1,0,6.12323399573677E-17,0,62500,15988.739299681,17900,1
SUBDEVICES.NUM=0
SUBLOGICALMODELS.NUM=0
