ENTITYNAME=F4System
SYSCLASSIFYNAME=P_K_1
BASEFAMILY=2036e55e-4508-4271-be9d-a25066fef119.fam
OBJECTMODELPOINTER=24984e33-279b-44e7-8012-00c5f01546b8.dev
TRANSFORMMATRIX=6.12323399573677E-17,1,0,0,-1,6.12323399573677E-17,0,0,0,0,1,0,87500,15988.739299681,17900,1
SUBDEVICES.NUM=0
SUBLOGICALMODELS.NUM=0
