ENTITYNAME=F4System
SYSCLASSIFYNAME=P_K_9
BASEFAMILY=7780d116-eee8-4a61-ad6c-5b9604d695b8.fam
OBJECTMODELPOINTER=21615058-6beb-420e-ab28-9a1566ce78b5.dev
TRANSFORMMATRIX=7.24317031471073E-14,0.978442028793516,-0.206521660584134,0,-1,0,0,0,0,0.206521660584134,0.978442028793516,0,177002.263055386,162999.610512965,26021.0710678119,1
SUBDEVICES.NUM=0
SUBLOGICALMODELS.NUM=0
