ENTITYNAME=F4System
SYSCLASSIFYNAME=P_K_9
BASEFAMILY=5dc362d3-a46b-4701-9202-84f5e7f3eaaa.fam
OBJECTMODELPOINTER=21615058-6beb-420e-ab28-9a1566ce78b5.dev
TRANSFORMMATRIX=1.17701517614049E-13,0.978442028793516,-0.206521660584134,0,-1,0,0,0,0,0.206521660584134,0.978442028793516,0,169502.263055386,162999.610512965,26021.0710678119,1
SUBDEVICES.NUM=0
SUBLOGICALMODELS.NUM=0
