ENTITYNAME=F4System
SYSCLASSIFYNAME=P_K_5
BASEFAMILY=4da1b321-c062-49ca-b427-a108f4feb98e.fam
OBJECTMODELPOINTER=21615058-6beb-420e-ab28-9a1566ce78b5.dev
TRANSFORMMATRIX=0.207834974579419,0.97788380409138,0.0234070296565622,0,0.978151800128488,-0.207891933237917,0,0,-0.00486613264665997,-0.0228956281942272,0.999726017948246,0,117699.52273698,102100.443602998,20075,1
SUBDEVICES.NUM=0
SUBLOGICALMODELS.NUM=0
