ENTITYNAME=F4System
SYSCLASSIFYNAME=G_T_4
BASEFAMILY=9c918c54-b84d-4465-bc42-42c0e0429f02.fam
OBJECTMODELPOINTER=9c918c54-b84d-4465-bc42-42c0e0429f02.dev
TRANSFORMMATRIX=-1,1.22464679914735E-16,0,0,-1.22464679914735E-16,-1,0,0,0,0,1,0,120299.522736981,80200.443240527,0,1
SUBDEVICES.NUM=0
SUBLOGICALMODELS.NUM=0
