ENTITYNAME=F4System
SYSCLASSIFYNAME=P_K_4
BASEFAMILY=7a6e7170-676c-4505-bd70-d9c9f7546c98.fam
OBJECTMODELPOINTER=2e7f4cc2-bb6b-4c26-97d5-f5eb080247cb.dev
TRANSFORMMATRIX=5.9144099251916E-15,0.978695853869386,-0.205315429568443,0,1,0,0,0,0,0.205315429568443,0.978695853869386,0,84000,16869.7040685749,17996.2978117348,1
SUBDEVICES.NUM=0
SUBLOGICALMODELS.NUM=0
