ENTITYNAME=F4System
SYSCLASSIFYNAME=G_T_4
BASEFAMILY=2537f74b-0cfd-49d8-a056-29b6c2cbc0f9.fam
OBJECTMODELPOINTER=2537f74b-0cfd-49d8-a056-29b6c2cbc0f9.dev
TRANSFORMMATRIX=1,0,0,0,0,1,0,0,0,0,1,0,120299.522736981,77700.443240527,0,1
SUBDEVICES.NUM=0
SUBLOGICALMODELS.NUM=0
