ENTITYNAME=F4System
SYSCLASSIFYNAME=G_T_4
BASEFAMILY=64438ce4-ec59-40f8-92a3-d0e55abd07d7.fam
OBJECTMODELPOINTER=58848b43-8464-454c-8abf-16f7b3872f49.dev
TRANSFORMMATRIX=6.12323399573677E-17,1,0,0,-1,6.12323399573677E-17,0,0,0,0,1,0,101988.417174558,140999.610512941,0,1
SUBDEVICES.NUM=0
SUBLOGICALMODELS.NUM=0
