ENTITYNAME=F4System
SYSCLASSIFYNAME=2_5_6
BASEFAMILY=bd5696d8-aa08-4ad8-b82b-ddd59c52e415.fam
OBJECTMODELPOINTER=54876b6a-2c7a-457a-80d8-685fe690d8fd.dev
TRANSFORMMATRIX=-0.207886121488266,0.972008350315439,-0.109467471924882,0,0.977885069433656,0.209142991703604,0,0,-0.0228943545726,0.10704660638399,0.993990378520021,0,59000,52788.739299681,18000,1
SUBDEVICES.NUM=0
SUBLOGICALMODELS.NUM=0
