ENTITYNAME=F4System
SYSCLASSIFYNAME=P_K_1
BASEFAMILY=7479de25-1e7b-4140-b73f-b864bc409724.fam
OBJECTMODELPOINTER=4335ef22-8b9e-4bff-8c1f-3967f5374baa.dev
TRANSFORMMATRIX=3.74939945665465E-33,6.12323399573677E-17,-1,0,-1,6.12323399573677E-17,0,0,6.12323399573677E-17,1,6.12323399573677E-17,0,120000,15988.739299681,17900,1
SUBDEVICES.NUM=0
SUBLOGICALMODELS.NUM=0
