ENTITYNAME=F4System
SYSCLASSIFYNAME=G_J_1
BASEFAMILY=4138a7f4-5bf3-439d-8cdd-dc415389b7af.fam
OBJECTMODELPOINTER=347de0dc-b7d8-4585-8516-fcd310d40749.dev
TRANSFORMMATRIX=-1.83697019872103E-16,1,0,0,1,1.83697019872103E-16,0,0,0,0,1,0,74930.2842934727,182498.458837614,20085.0000000016,1
SUBDEVICES.NUM=0
SUBLOGICALMODELS.NUM=0
