ENTITYNAME=F4System
SYSCLASSIFYNAME=G_T_4
BASEFAMILY=108742e7-33e4-46d3-8f16-1c70ae9efb0f.fam
OBJECTMODELPOINTER=108742e7-33e4-46d3-8f16-1c70ae9efb0f.dev
TRANSFORMMATRIX=1,0,0,0,0,1,0,0,0,0,1,0,81099.5171068817,130999.610513023,0,1
SUBDEVICES.NUM=0
SUBLOGICALMODELS.NUM=0
