ENTITYNAME=F4System
SYSCLASSIFYNAME=G_S_7
BASEFAMILY=8d96e76c-995b-4742-94a8-9260367e4299.fam
OBJECTMODELPOINTER=8d96e76c-995b-4742-94a8-9260367e4299.dev
TRANSFORMMATRIX=6.12323399573677E-17,-1,0,0,1,6.12323399573677E-17,0,0,0,0,1,0,142000,36994.2928351904,2642.48245305371,1
SUBDEVICES.NUM=0
SUBLOGICALMODELS.NUM=0
