ENTITYNAME=F4System
SYSCLASSIFYNAME=G_T_4
BASEFAMILY=6579256e-3809-44ac-92f9-f5189bb47ca0.fam
OBJECTMODELPOINTER=6579256e-3809-44ac-92f9-f5189bb47ca0.dev
TRANSFORMMATRIX=-1,1.22464679914735E-16,0,0,-1.22464679914735E-16,-1,0,0,0,0,1,0,16888.9441931015,47000.4432405735,0,1
SUBDEVICES.NUM=0
SUBLOGICALMODELS.NUM=0
