ENTITYNAME=F4System
SYSCLASSIFYNAME=P_H
BASEFAMILY=542114f6-4a81-4e6d-a167-16971f7f9560.fam
OBJECTMODELPOINTER=8e254d87-904c-46cc-a3f5-1c261bf23209.dev
TRANSFORMMATRIX=1,0,0,0,0,1,0,0,0,0,1,0,46499.5231177285,85799.9969065852,6552,1
SUBDEVICES.NUM=0
SUBLOGICALMODELS.NUM=0
