ENTITYNAME=F4System
SYSCLASSIFYNAME=P_K_4
BASEFAMILY=24b77b3c-8562-4bbf-98df-b1e17c4fbb4b.fam
OBJECTMODELPOINTER=54876b6a-2c7a-457a-80d8-685fe690d8fd.dev
TRANSFORMMATRIX=8.79064714692993E-15,-0.986678164442782,-0.162684356383221,0,1,0,0,0,0,-0.162684356383221,0.986678164442782,0,9000,15188.739299681,18000,1
SUBDEVICES.NUM=0
SUBLOGICALMODELS.NUM=0
