ENTITYNAME=F4System
SYSCLASSIFYNAME=P_K_1
BASEFAMILY=2dec63ac-a595-4d52-a211-6db3092f06ff.fam
OBJECTMODELPOINTER=3865937e-64cb-4f8b-be64-e7d4675a9875.dev
TRANSFORMMATRIX=0.0548846878441973,0.272700435152714,-0.960532218984749,0,-0.980341717720334,0.197307162812567,0,0,0.18951988691794,0.941649805485233,0.278168755061086,0,46194.1624171351,16952.7454551725,10452.7524451504,1
SUBDEVICES.NUM=0
SUBLOGICALMODELS.NUM=0
