ENTITYNAME=F4System
SYSCLASSIFYNAME=G_J_2
BASEFAMILY=5111bf31-134a-45a4-9959-54ba4d6d12d1.fam
OBJECTMODELPOINTER=65576b45-87f1-456b-ad7e-f78ed76463fe.dev
TRANSFORMMATRIX=1,0,0,0,0,1,0,0,0,0,1,0,123499.993274632,4999.53316666318,0,1
SUBDEVICES.NUM=0
SUBLOGICALMODELS.NUM=0
