ENTITYNAME=F4System
SYSCLASSIFYNAME=2_4_2
BASEFAMILY=b414fd33-9d6f-4f7b-bfc1-862ede449400.fam
OBJECTMODELPOINTER=77c93bee-6b51-448c-bffc-3e5ae776b443.dev
TRANSFORMMATRIX=6.12323399573677E-17,0,-1,0,0,1,0,0,1,0,6.12323399573677E-17,0,189000,51988.739299681,17900,1
SUBDEVICES.NUM=0
SUBLOGICALMODELS.NUM=0
