ENTITYNAME=F4System
SYSCLASSIFYNAME=3_2_8
BASEFAMILY=013b17b5-b1e2-4277-97e0-23e9270d6b9e.fam
OBJECTMODELPOINTER=77c93bee-6b51-448c-bffc-3e5ae776b443.dev
TRANSFORMMATRIX=6.12323399573677E-17,0,-1,0,0,1,0,0,1,0,6.12323399573677E-17,0,189010,15988.739299681,17900,1
SUBDEVICES.NUM=0
SUBLOGICALMODELS.NUM=0
