ENTITYNAME=F4System
SYSCLASSIFYNAME=P_K_8
BASEFAMILY=5ea5e778-1c27-4ff3-a75b-4a5fd9dd2682.fam
OBJECTMODELPOINTER=21615058-6beb-420e-ab28-9a1566ce78b5.dev
TRANSFORMMATRIX=-9.05396289338823E-15,-0.978442028793515,-0.20652166058414,0,-1,0,0,0,0,-0.20652166058414,0.978442028793515,0,53999.5227349324,188674.610512964,26021.0710678119,1
SUBDEVICES.NUM=0
SUBLOGICALMODELS.NUM=0
