ENTITYNAME=F4System
SYSCLASSIFYNAME=G_S_2
BASEFAMILY=1b8f5959-bfb0-43d9-8701-7f063b62bb71.fam
OBJECTMODELPOINTER=1b8f5959-bfb0-43d9-8701-7f063b62bb71.dev
TRANSFORMMATRIX=1,0,0,0,0,1,0,0,0,0,1,0,232493.006776143,40085.8969194155,509.999999999999,1
SUBDEVICES.NUM=0
SUBLOGICALMODELS.NUM=0
