ENTITYNAME=F4System
SYSCLASSIFYNAME=G_T_4
BASEFAMILY=6d625361-e84f-4f6d-bffb-2dc416a8a79a.fam
OBJECTMODELPOINTER=6d625361-e84f-4f6d-bffb-2dc416a8a79a.dev
TRANSFORMMATRIX=1,0,0,0,0,1,0,0,0,0,1,0,17688.9441931015,48400.4432405735,0,1
SUBDEVICES.NUM=0
SUBLOGICALMODELS.NUM=0
