BLHA=26.022747089410217,113.1924231609919,133.5,7.98
SUBSYSTEM=95a79852-c6a9-4b8e-94f4-37e32ce1060c.cbm
TYPE=TS
