ENTITYNAME=F4System
SYSCLASSIFYNAME=M_K_
BASEFAMILY=913143de-76d0-4d80-85fc-b4b6695ec456-00452acb.fam
OBJECTMODELPOINTER=79de6ae2-9c53-460c-a37d-73637cc89c66.dev
TRANSFORMMATRIX=-0.999999353894777,0.00113675416363128,0,0,-0.00113675416363128,-0.999999353894777,0,0,0,0,1,0,145004.144800361,39331.3447299708,9169.7537452612,1
SUBDEVICES.NUM=0
SUBLOGICALMODELS.NUM=0
