ENTITYNAME=F4System
SYSCLASSIFYNAME=M_G_
BASEFAMILY=20728f02-e3f7-4efe-b266-8d1b73e4b113-0043ed09.fam
OBJECTMODELPOINTER=7464920b-b24d-4885-927e-ba40be431717.dev
TRANSFORMMATRIX=0,-1,0,0,1,0,0,0,0,0,1,0,117500.03287144,194037.482907163,24887.6710841735,1
SUBDEVICES.NUM=0
SUBLOGICALMODELS.NUM=0
