ENTITYNAME=F4System
SYSCLASSIFYNAME=M_K_
BASEFAMILY=47c2e859-18e6-41f4-a4af-de173013a18e-00408a51.fam
OBJECTMODELPOINTER=709390ca-1346-4cb0-861e-d536d3926996.dev
TRANSFORMMATRIX=-0.000127086231914953,0.999999991924545,0,0,-0.999999991924545,-0.000127086231914953,0,0,0,0,1,0,89175.3658900803,157000.505719585,29975.0415964864,1
SUBDEVICES.NUM=0
SUBLOGICALMODELS.NUM=0
