ENTITYNAME=F4System
SYSCLASSIFYNAME=&其他
BASEFAMILY=646dc6fc-bba4-471a-a75b-e7a5cb86bde2-00429a6a.fam
OBJECTMODELPOINTER=4ebe0490-ab91-4691-aa21-e9d07795d7b1.dev
TRANSFORMMATRIX=-1,0,0,0,0,-1,0,0,0,0,1,0,188279.832592102,154000.000000677,16171.8162436972,1
SUBDEVICES.NUM=0
SUBLOGICALMODELS.NUM=0
