ENTITYNAME=F4System
SYSCLASSIFYNAME=M_K_
BASEFAMILY=230edf89-3a86-4af1-a39c-9ac227c5314b-004978db.fam
OBJECTMODELPOINTER=50fd9bfd-e884-4168-b814-5e4380f3fd52.dev
TRANSFORMMATRIX=0.984096036334573,-0.177637246293064,0,0,0.177637246293064,0.984096036334573,0,0,0,0,1,0,152372.325256794,112781.142008986,14870.1608142473,1
SUBDEVICES.NUM=0
SUBLOGICALMODELS.NUM=0
