ENTITYNAME=F4System
SYSCLASSIFYNAME=M_K_
BASEFAMILY=20728f02-e3f7-4efe-b266-8d1b73e4b113-0043e750.fam
OBJECTMODELPOINTER=5d278bed-3290-44fb-9ebb-ff2209033389.dev
TRANSFORMMATRIX=-0.0917363045692197,0.99578333508047,0,0,-0.99578333508047,-0.0917363045692197,0,0,0,0,1,0,60296.4806080623,156864.636299326,29900.9620983404,1
SUBDEVICES.NUM=0
SUBLOGICALMODELS.NUM=0
