ENTITYNAME=F4System
SYSCLASSIFYNAME=M_K_
BASEFAMILY=913143de-76d0-4d80-85fc-b4b6695ec456-00452627.fam
OBJECTMODELPOINTER=9a7723c9-c048-40c2-8d5c-62610d4ffc9f.dev
TRANSFORMMATRIX=-0.999909802575828,-0.0134308120666514,0,0,0.0134308120666514,-0.999909802575828,0,0,0,0,1,0,195348.091022242,17755.5165562489,12510.2986047096,1
SUBDEVICES.NUM=0
SUBLOGICALMODELS.NUM=0
