ENTITYNAME=F4System
SYSCLASSIFYNAME=&其他
BASEFAMILY=881bee2c-8af7-40d2-a7df-2f657407b22b-00497850.fam
OBJECTMODELPOINTER=7a11b5bf-7dcf-4de5-9c7f-afe07f894ba0.dev
TRANSFORMMATRIX=0.606380133408507,-0.795174907682254,0,0,0.795174907682254,0.606380133408507,0,0,0,0,1,0,163200.770353024,135747.000580376,23631.1344778673,1
SUBDEVICES.NUM=0
SUBLOGICALMODELS.NUM=0
