ENTITYNAME=F4System
SYSCLASSIFYNAME=M_G_
BASEFAMILY=47c2e859-18e6-41f4-a4af-de173013a18e-00420315.fam
OBJECTMODELPOINTER=7a37506e-7ea1-413a-893c-50d2384dad4c.dev
TRANSFORMMATRIX=0,-1,0,0,1,0,0,0,0,0,1,0,144501.556228434,139001.672643512,8685.60602768041,1
SUBDEVICES.NUM=0
SUBLOGICALMODELS.NUM=0
