ENTITYNAME=F4System
SYSCLASSIFYNAME=M_H_
BASEFAMILY=20728f02-e3f7-4efe-b266-8d1b73e4b113-0043eca2.fam
OBJECTMODELPOINTER=233bceb4-1bfa-4b74-939d-1fb1871f8975.dev
TRANSFORMMATRIX=0,1,0,0,-1,0,0,0,0,0,1,0,124999.998330253,186593.199158289,24246.5695956707,1
SUBDEVICES.NUM=0
SUBLOGICALMODELS.NUM=0
