ENTITYNAME=F4System
SYSCLASSIFYNAME=&其他
BASEFAMILY=646dc6fc-bba4-471a-a75b-e7a5cb86bde2-0042c9d3.fam
OBJECTMODELPOINTER=79733d34-4ce0-4ad2-afaa-63d510856080.dev
TRANSFORMMATRIX=1,0,0,0,0,1,0,0,0,0,1,0,91352.9233222287,179500.001660156,31896.0982030093,1
SUBDEVICES.NUM=0
SUBLOGICALMODELS.NUM=0
