ENTITYNAME=F4System
SYSCLASSIFYNAME=M_K_
BASEFAMILY=230edf89-3a86-4af1-a39c-9ac227c5314b-00497a14.fam
OBJECTMODELPOINTER=50fd9bfd-e884-4168-b814-5e4380f3fd52.dev
TRANSFORMMATRIX=0.880840702110528,-0.473412777082994,0,0,0.473412777082994,0.880840702110528,0,0,0,0,1,0,176309.176837143,114346.284788395,11441.7876858243,1
SUBDEVICES.NUM=0
SUBLOGICALMODELS.NUM=0
