ENTITYNAME=F4System
SYSCLASSIFYNAME=&其他
BASEFAMILY=646dc6fc-bba4-471a-a75b-e7a5cb86bde2-00429782.fam
OBJECTMODELPOINTER=45077b25-5b17-42aa-9a34-466896e5a3f7.dev
TRANSFORMMATRIX=1,0,0,0,0,1,0,0,0,0,1,0,115720.175542935,182499.999999973,16171.8162436972,1
SUBDEVICES.NUM=0
SUBLOGICALMODELS.NUM=0
