ENTITYNAME=F4System
SYSCLASSIFYNAME=M_K_
BASEFAMILY=47c2e859-18e6-41f4-a4af-de173013a18e-00408b21.fam
OBJECTMODELPOINTER=709390ca-1346-4cb0-861e-d536d3926996.dev
TRANSFORMMATRIX=-6.90283833909873E-05,0.999999997617541,0,0,-0.999999997617541,-6.90283833909873E-05,0,0,0,0,1,0,187824.299997819,156499.496020478,29975.218984495,1
SUBDEVICES.NUM=0
SUBLOGICALMODELS.NUM=0
