ENTITYNAME=F4System
SYSCLASSIFYNAME=M_K_
BASEFAMILY=44208473-72cd-4326-9e8f-0285d5ad310b-004a0f4e.fam
OBJECTMODELPOINTER=6d33e233-976b-4953-8816-52ba3fb1ca92.dev
TRANSFORMMATRIX=-0.999758848152156,0.0219600897419344,0,0,-0.0219600897419344,-0.999758848152156,0,0,0,0,1,0,117533.593891139,185018.188342211,11240.0359670781,1
SUBDEVICES.NUM=0
SUBLOGICALMODELS.NUM=0
