ENTITYNAME=F4System
SYSCLASSIFYNAME=&其他
BASEFAMILY=881bee2c-8af7-40d2-a7df-2f657407b22b-004977d7.fam
OBJECTMODELPOINTER=64ba25eb-ff5c-4c11-8286-9b6b1c1698fb.dev
TRANSFORMMATRIX=-0.00827746322241563,-0.999965741214469,0,0,0.999965741214469,-0.00827746322241563,0,0,0,0,1,0,151978.671082591,111553.580848212,19373.713634803,1
SUBDEVICES.NUM=0
SUBLOGICALMODELS.NUM=0
