ENTITYNAME=F4System
SYSCLASSIFYNAME=M_G_
BASEFAMILY=43803cdb-2e0d-45cd-b17b-8524a6134ffe-004a138c.fam
OBJECTMODELPOINTER=9e7547ff-02cc-47af-bd3c-e5a0e14a542e.dev
TRANSFORMMATRIX=1,0,0,0,0,1,0,0,0,0,1,0,156181.812869894,104499.999999999,6646.785,1
SUBDEVICES.NUM=0
SUBLOGICALMODELS.NUM=0
