ENTITYNAME=F4System
SYSCLASSIFYNAME=M_K_
BASEFAMILY=20728f02-e3f7-4efe-b266-8d1b73e4b113-0043e763.fam
OBJECTMODELPOINTER=5d278bed-3290-44fb-9ebb-ff2209033389.dev
TRANSFORMMATRIX=-0.054733356536341,0.998501006350152,0,0,-0.998501006350152,-0.054733356536341,0,0,0,0,1,0,51153.3867382138,163645.689305391,29219.030196444,1
SUBDEVICES.NUM=0
SUBLOGICALMODELS.NUM=0
