ENTITYNAME=F4System
SYSCLASSIFYNAME=&其他
BASEFAMILY=646dc6fc-bba4-471a-a75b-e7a5cb86bde2-0042be45.fam
OBJECTMODELPOINTER=87f9bc73-2e72-4d4d-87e0-1044becac311.dev
TRANSFORMMATRIX=0,-1,0,0,1,0,0,0,0,0,1,0,97999.9983303781,161842.92378211,24920.6297108433,1
SUBDEVICES.NUM=0
SUBLOGICALMODELS.NUM=0
