ENTITYNAME=F4System
SYSCLASSIFYNAME=M_K_
BASEFAMILY=230edf89-3a86-4af1-a39c-9ac227c5314b-00497b6b.fam
OBJECTMODELPOINTER=082ea9ee-ff3e-486a-8532-e869821d1696.dev
TRANSFORMMATRIX=-0.819985740416751,-0.572383949384671,0,0,0.572383949384671,-0.819985740416751,0,0,0,0,1,0,150562.128681226,124364.28026543,17381.5491553756,1
SUBDEVICES.NUM=0
SUBLOGICALMODELS.NUM=0
