ENTITYNAME=F4System
SYSCLASSIFYNAME=&其他
BASEFAMILY=646dc6fc-bba4-471a-a75b-e7a5cb86bde2-00429731.fam
OBJECTMODELPOINTER=0b91b20a-3449-4bc7-a321-a23cee516c65.dev
TRANSFORMMATRIX=-1,0,0,0,0,-1,0,0,0,0,1,0,134279.832592102,189000.000000677,16171.8162436972,1
SUBDEVICES.NUM=0
SUBLOGICALMODELS.NUM=0
