ENTITYNAME=F4System
SYSCLASSIFYNAME=M_K_
BASEFAMILY=47c2e859-18e6-41f4-a4af-de173013a18e-00408a61.fam
OBJECTMODELPOINTER=709390ca-1346-4cb0-861e-d536d3926996.dev
TRANSFORMMATRIX=-0.000127699687186848,0.999999991846395,0,0,-0.999999991846395,-0.000127699687186848,0,0,0,0,1,0,86906.432221471,164500.270184439,29010.8194969242,1
SUBDEVICES.NUM=0
SUBLOGICALMODELS.NUM=0
