ENTITYNAME=F4System
SYSCLASSIFYNAME=M_K_
BASEFAMILY=47c2e859-18e6-41f4-a4af-de173013a18e-00408b37.fam
OBJECTMODELPOINTER=709390ca-1346-4cb0-861e-d536d3926996.dev
TRANSFORMMATRIX=-0.000127210382277657,0.999999991908759,0,0,-0.999999991908759,-0.000127210382277657,0,0,0,0,1,0,197207.341107968,156500.506981661,30026.5643516681,1
SUBDEVICES.NUM=0
SUBLOGICALMODELS.NUM=0
