ENTITYNAME=F4System
SYSCLASSIFYNAME=&其他
BASEFAMILY=646dc6fc-bba4-471a-a75b-e7a5cb86bde2-0042c791.fam
OBJECTMODELPOINTER=90af23e5-c551-47c7-b49f-012343b989d0.dev
TRANSFORMMATRIX=1,0,0,0,0,1,0,0,0,0,1,0,62364.9953061829,186999.999700213,31969.1368843908,1
SUBDEVICES.NUM=0
SUBLOGICALMODELS.NUM=0
