ENTITYNAME=F4System
SYSCLASSIFYNAME=&其他
BASEFAMILY=646dc6fc-bba4-471a-a75b-e7a5cb86bde2-0042c06d.fam
OBJECTMODELPOINTER=3a8153f9-3008-4362-a4c5-118285e746c5.dev
TRANSFORMMATRIX=0,1,0,0,-1,0,0,0,0,0,1,0,124999.998330383,147907.072661943,24920.6297108433,1
SUBDEVICES.NUM=0
SUBLOGICALMODELS.NUM=0
