ENTITYNAME=F4System
SYSCLASSIFYNAME=&其他
BASEFAMILY=646dc6fc-bba4-471a-a75b-e7a5cb86bde2-0042cd4e.fam
OBJECTMODELPOINTER=09426049-b35d-418a-b3f6-ab1f7bb8106d.dev
TRANSFORMMATRIX=1,0,0,0,0,1,0,0,0,0,1,0,199364.993471066,186999.999700262,31969.1370456303,1
SUBDEVICES.NUM=0
SUBLOGICALMODELS.NUM=0
