ENTITYNAME=F4System
SYSCLASSIFYNAME=M_K_
BASEFAMILY=230edf89-3a86-4af1-a39c-9ac227c5314b-00497aeb.fam
OBJECTMODELPOINTER=082ea9ee-ff3e-486a-8532-e869821d1696.dev
TRANSFORMMATRIX=-0.69279760806831,-0.72113207823174,0,0,0.72113207823174,-0.69279760806831,0,0,0,0,1,0,161666.225772321,124052.296924248,17517.9113576681,1
SUBDEVICES.NUM=0
SUBLOGICALMODELS.NUM=0
