ENTITYNAME=F4System
SYSCLASSIFYNAME=&其他
BASEFAMILY=646dc6fc-bba4-471a-a75b-e7a5cb86bde2-0042bd70.fam
OBJECTMODELPOINTER=20f781a1-4550-481d-ad05-a49a982ec509.dev
TRANSFORMMATRIX=0,1,0,0,-1,0,0,0,0,0,1,0,97999.9983302087,181157.070946256,24920.6299449757,1
SUBDEVICES.NUM=0
SUBLOGICALMODELS.NUM=0
