ENTITYNAME=F4System
SYSCLASSIFYNAME=M_K_
BASEFAMILY=230edf89-3a86-4af1-a39c-9ac227c5314b-00497b95.fam
OBJECTMODELPOINTER=5f1daa10-d658-4588-9294-eb14f4c36aee.dev
TRANSFORMMATRIX=-0.822494043325978,-0.568773723631185,0,0,0.568773723631185,-0.822494043325978,0,0,0,0,1,0,152223.065682036,122406.933811723,13365.7500979403,1
SUBDEVICES.NUM=0
SUBLOGICALMODELS.NUM=0
