ENTITYNAME=F4System
SYSCLASSIFYNAME=&其他
BASEFAMILY=646dc6fc-bba4-471a-a75b-e7a5cb86bde2-0042c5ec.fam
OBJECTMODELPOINTER=24fb45a0-725d-4aa6-b18d-db0b69d3cda8.dev
TRANSFORMMATRIX=0,-1,0,0,1,0,0,0,0,0,1,0,171499.999560547,161842.923781977,24920.6297108433,1
SUBDEVICES.NUM=0
SUBLOGICALMODELS.NUM=0
