ENTITYNAME=F4System
SYSCLASSIFYNAME=G_J_2
BASEFAMILY=20728f02-e3f7-4efe-b266-8d1b73e4b113-00443b44.fam
OBJECTMODELPOINTER=45c50ea8-4450-4986-bf59-db44ef245be9.dev
TRANSFORMMATRIX=1,0,0,0,0,1,0,0,0,0,1,0,81000.0000000001,40999.9999999998,0,1
SUBDEVICES.NUM=0
SUBLOGICALMODELS.NUM=0
