ENTITYNAME=F4System
SYSCLASSIFYNAME=M_K_
BASEFAMILY=02cd4ac8-363f-40da-8850-bb5c724bd1f8-004ab533.fam
OBJECTMODELPOINTER=97dc1d91-a13e-49c6-864c-c57023e35e23.dev
TRANSFORMMATRIX=-0.950903496219502,-0.309487545593562,0,0,0.309487545593562,-0.950903496219502,0,0,0,0,1,0,171497.220836385,148265.939366334,19850.927999373,1
SUBDEVICES.NUM=0
SUBLOGICALMODELS.NUM=0
