ENTITYNAME=F4System
SYSCLASSIFYNAME=M_K_
BASEFAMILY=230edf89-3a86-4af1-a39c-9ac227c5314b-00497aa3.fam
OBJECTMODELPOINTER=5f1daa10-d658-4588-9294-eb14f4c36aee.dev
TRANSFORMMATRIX=-0.580648872397038,-0.814154092898911,0,0,0.814154092898911,-0.580648872397038,0,0,0,0,1,0,176221.54326867,121793.84651827,12588.2648602699,1
SUBDEVICES.NUM=0
SUBLOGICALMODELS.NUM=0
