ENTITYNAME=F4System
SYSCLASSIFYNAME=&其他
BASEFAMILY=646dc6fc-bba4-471a-a75b-e7a5cb86bde2-0042c692.fam
OBJECTMODELPOINTER=89c6a5b7-b640-4d84-ab8e-e26205a47ebc.dev
TRANSFORMMATRIX=0,-1,0,0,1,0,0,0,0,0,1,0,186499.99793066,161842.923781977,24920.6297108433,1
SUBDEVICES.NUM=0
SUBLOGICALMODELS.NUM=0
