ENTITYNAME=F4System
SYSCLASSIFYNAME=&其他
BASEFAMILY=646dc6fc-bba4-471a-a75b-e7a5cb86bde2-00429b60.fam
OBJECTMODELPOINTER=10173f88-6357-453a-899f-48f2d52acb13.dev
TRANSFORMMATRIX=1,0,0,0,0,1,0,0,0,0,1,0,196720.173813084,182499.999999972,16171.8162272817,1
SUBDEVICES.NUM=0
SUBLOGICALMODELS.NUM=0
