ENTITYNAME=F4System
SYSCLASSIFYNAME=M_K_
BASEFAMILY=44208473-72cd-4326-9e8f-0285d5ad310b-004a0f23.fam
OBJECTMODELPOINTER=6d33e233-976b-4953-8816-52ba3fb1ca92.dev
TRANSFORMMATRIX=0.999594593232642,-0.0284719015885788,0,0,0.0284719015885788,0.999594593232642,0,0,0,0,1,0,132478.78798886,182737.603951321,13489.1219621546,1
SUBDEVICES.NUM=0
SUBLOGICALMODELS.NUM=0
