ENTITYNAME=F4System
SYSCLASSIFYNAME=M_F_
BASEFAMILY=881bee2c-8af7-40d2-a7df-2f657407b22b-00497745.fam
OBJECTMODELPOINTER=492200ac-2537-40fb-8bf7-10bc219bb9a4.dev
TRANSFORMMATRIX=0.00827746322241069,0.999965741214469,0,0,-0.999965741214469,0.00827746322241069,0,0,0,0,1,0,151495.449343176,60426.1794386654,17761.107070399,1
SUBDEVICES.NUM=0
SUBLOGICALMODELS.NUM=0
