ENTITYNAME=F4System
SYSCLASSIFYNAME=M_G_
BASEFAMILY=230edf89-3a86-4af1-a39c-9ac227c5314b-00497c36.fam
OBJECTMODELPOINTER=08bd4a4a-1643-4c6c-bad0-9636fdf787bb.dev
TRANSFORMMATRIX=0,-1,0,0,1,0,0,0,0,0,1,0,177227.032584586,112996.496468792,7580.21500000001,1
SUBDEVICES.NUM=0
SUBLOGICALMODELS.NUM=0
