ENTITYNAME=F4System
SYSCLASSIFYNAME=M_K_
BASEFAMILY=44208473-72cd-4326-9e8f-0285d5ad310b-004a0f24.fam
OBJECTMODELPOINTER=709390ca-1346-4cb0-861e-d536d3926996.dev
TRANSFORMMATRIX=0.999601174347816,-0.0282399051426772,0,0,0.0282399051426772,0.999601174347816,0,0,0,0,1,0,132488.033352495,183064.783888423,11946.9387138748,1
SUBDEVICES.NUM=0
SUBLOGICALMODELS.NUM=0
