ENTITYNAME=F4System
SYSCLASSIFYNAME=M_H_
BASEFAMILY=20728f02-e3f7-4efe-b266-8d1b73e4b113-0043ec4c.fam
OBJECTMODELPOINTER=7545c650-7663-470a-83e7-5006b6846a02.dev
TRANSFORMMATRIX=0,1,0,0,-1,0,0,0,0,0,1,0,132500.000219727,182178.793391813,24749.8379083085,1
SUBDEVICES.NUM=0
SUBLOGICALMODELS.NUM=0
