ENTITYNAME=F4System
SYSCLASSIFYNAME=&其他
BASEFAMILY=34cc799f-08e7-4ed9-b6ac-6c98ca5fb06f-002251be.fam
OBJECTMODELPOINTER=901aca92-3498-4684-b810-af11f71bd98f.dev
TRANSFORMMATRIX=1,0,0,0,0,1,0,0,0,0,1,0,231409.49594714,97952.3448174167,-610,1
SUBDEVICES.NUM=0
SUBLOGICALMODELS.NUM=0
