ENTITYNAME=F4System
SYSCLASSIFYNAME=M_K_
BASEFAMILY=47c2e859-18e6-41f4-a4af-de173013a18e-004089cf.fam
OBJECTMODELPOINTER=709390ca-1346-4cb0-861e-d536d3926996.dev
TRANSFORMMATRIX=-6.80516744911547E-05,0.999999997684485,0,0,-0.999999997684485,-6.80516744911547E-05,0,0,0,0,1,0,79792.3232795818,186999.49357276,30026.74677705,1
SUBDEVICES.NUM=0
SUBLOGICALMODELS.NUM=0
