ENTITYNAME=F4System
SYSCLASSIFYNAME=M_K_
BASEFAMILY=20728f02-e3f7-4efe-b266-8d1b73e4b113-004443ab.fam
OBJECTMODELPOINTER=808fc5e9-9c05-44a5-bd0b-9d801089519b.dev
TRANSFORMMATRIX=-0.999999988498158,0.000151669655564265,0,0,-0.000151669655564265,-0.999999988498158,0,0,0,0,1,0,90495.6483386026,4060.68291775503,17001.4022299521,1
SUBDEVICES.NUM=0
SUBLOGICALMODELS.NUM=0
