ENTITYNAME=F4System
SYSCLASSIFYNAME=M_K_
BASEFAMILY=02cd4ac8-363f-40da-8850-bb5c724bd1f8-004ab597.fam
OBJECTMODELPOINTER=50fd9bfd-e884-4168-b814-5e4380f3fd52.dev
TRANSFORMMATRIX=-0.151856506326556,-0.988402550323649,0,0,0.988402550323649,-0.151856506326556,0,0,0,0,1,0,186096.042401852,160560.043490564,18455.4079505367,1
SUBDEVICES.NUM=0
SUBLOGICALMODELS.NUM=0
