ENTITYNAME=F4System
SYSCLASSIFYNAME=M_K_
BASEFAMILY=230edf89-3a86-4af1-a39c-9ac227c5314b-00497b15.fam
OBJECTMODELPOINTER=082ea9ee-ff3e-486a-8532-e869821d1696.dev
TRANSFORMMATRIX=-0.693196728930158,-0.720748426984429,0,0,0.720748426984429,-0.693196728930158,0,0,0,0,1,0,163662.444116644,122490.030662027,13777.2950034523,1
SUBDEVICES.NUM=0
SUBLOGICALMODELS.NUM=0
