ENTITYNAME=F4System
SYSCLASSIFYNAME=M_F_
BASEFAMILY=881bee2c-8af7-40d2-a7df-2f657407b22b-00497693.fam
OBJECTMODELPOINTER=90d49a4f-aeb0-4fd4-a530-87b91ecaaf9d.dev
TRANSFORMMATRIX=-0.138429542811427,-0.990372284384523,0,0,0.990372284384523,-0.138429542811427,0,0,0,0,1,0,163008.535716143,111176.84810497,19337.1678598614,1
SUBDEVICES.NUM=0
SUBLOGICALMODELS.NUM=0
