ENTITYNAME=F4System
SYSCLASSIFYNAME=&其他
BASEFAMILY=646dc6fc-bba4-471a-a75b-e7a5cb86bde2-0042c0f1.fam
OBJECTMODELPOINTER=131feb9e-ff68-4a66-ae98-37e7f232ff02.dev
TRANSFORMMATRIX=0,-1,0,0,1,0,0,0,0,0,1,0,159500.000219727,195092.928291144,24920.6299449757,1
SUBDEVICES.NUM=0
SUBLOGICALMODELS.NUM=0
