ENTITYNAME=F4System
SYSCLASSIFYNAME=M_K_
BASEFAMILY=881bee2c-8af7-40d2-a7df-2f657407b22b-00497551.fam
OBJECTMODELPOINTER=8f0b5135-a567-43dd-95ad-f3d02aa8403a.dev
TRANSFORMMATRIX=0.96511926290745,-0.261810634552878,0,0,0.261810634552878,0.96511926290745,0,0,0,0,1,0,165765.987298097,80223.8773551824,17137.9968139692,1
SUBDEVICES.NUM=0
SUBLOGICALMODELS.NUM=0
