ENTITYNAME=F4System
SYSCLASSIFYNAME=M_K_
BASEFAMILY=02cd4ac8-363f-40da-8850-bb5c724bd1f8-004ab5bc.fam
OBJECTMODELPOINTER=6d33e233-976b-4953-8816-52ba3fb1ca92.dev
TRANSFORMMATRIX=0.99999955709086,-0.000941179092678876,0,0,0.000941179092678876,0.99999955709086,0,0,0,0,1,0,171499.402325064,174929.680358122,16463.5412350217,1
SUBDEVICES.NUM=0
SUBLOGICALMODELS.NUM=0
