ENTITYNAME=F4System
SYSCLASSIFYNAME=M_K_
BASEFAMILY=02cd4ac8-363f-40da-8850-bb5c724bd1f8-004a9f71.fam
OBJECTMODELPOINTER=6d33e233-976b-4953-8816-52ba3fb1ca92.dev
TRANSFORMMATRIX=0.761171446666465,-0.648550714115465,0,0,0.648550714115465,0.761171446666465,0,0,0,0,1,0,170860.316346374,182735.603767943,13499.5138798033,1
SUBDEVICES.NUM=0
SUBLOGICALMODELS.NUM=0
