ENTITYNAME=F4System
SYSCLASSIFYNAME=M_H_
BASEFAMILY=20728f02-e3f7-4efe-b266-8d1b73e4b113-0043e9e7.fam
OBJECTMODELPOINTER=74f449fd-03e6-4c94-bdf1-f5b23a79c6c6.dev
TRANSFORMMATRIX=-0.999999924317369,0.000389056880721649,0,0,-0.000389056880721649,-0.999999924317369,0,0,0,0,1,0,53406.2882131938,148500.436825625,9339.58696638225,1
SUBDEVICES.NUM=0
SUBLOGICALMODELS.NUM=0
