ENTITYNAME=F4System
SYSCLASSIFYNAME=M_G_
BASEFAMILY=881bee2c-8af7-40d2-a7df-2f657407b22b-004968de.fam
OBJECTMODELPOINTER=31b05db2-a88e-44b4-a10d-00a262ca1d39.dev
TRANSFORMMATRIX=1,0,0,0,0,1,0,0,0,0,1,0,156247.472933697,68502.0144834757,3462.6855530675,1
SUBDEVICES.NUM=0
SUBLOGICALMODELS.NUM=0
