ENTITYNAME=F4System
SYSCLASSIFYNAME=M_K_
BASEFAMILY=230edf89-3a86-4af1-a39c-9ac227c5314b-00497a80.fam
OBJECTMODELPOINTER=4ed18ed8-9d27-4771-b33a-812b1c46e3f6.dev
TRANSFORMMATRIX=-0.564575470923,-0.825381449774632,0,0,0.825381449774632,-0.564575470923,0,0,0,0,1,0,174116.73637009,123034.191397137,15533.589970788,1
SUBDEVICES.NUM=0
SUBLOGICALMODELS.NUM=0
