ENTITYNAME=F4System
SYSCLASSIFYNAME=M_G_
BASEFAMILY=20728f02-e3f7-4efe-b266-8d1b73e4b113-0043dbf0.fam
OBJECTMODELPOINTER=6e3c1f86-adf3-49b7-ab27-fee229308f5b.dev
TRANSFORMMATRIX=0,-1,0,0,1,0,0,0,0,0,1,0,154997.503181328,45798.0642616131,16953.6666349312,1
SUBDEVICES.NUM=0
SUBLOGICALMODELS.NUM=0
