ENTITYNAME=F4System
SYSCLASSIFYNAME=&其他
BASEFAMILY=646dc6fc-bba4-471a-a75b-e7a5cb86bde2-0042bcf5.fam
OBJECTMODELPOINTER=75ec8f4d-08ee-4e90-acf6-c014f52c163e.dev
TRANSFORMMATRIX=0,-1,0,0,1,0,0,0,0,0,1,0,105500.000219727,195092.928291144,24920.6299449757,1
SUBDEVICES.NUM=0
SUBLOGICALMODELS.NUM=0
