ENTITYNAME=F4System
SYSCLASSIFYNAME=M_K_
BASEFAMILY=230edf89-3a86-4af1-a39c-9ac227c5314b-00497b80.fam
OBJECTMODELPOINTER=082ea9ee-ff3e-486a-8532-e869821d1696.dev
TRANSFORMMATRIX=-0.816857694677091,-0.576839238130373,0,0,0.576839238130373,-0.816857694677091,0,0,0,0,1,0,151375.227586074,123440.635963411,15207.9485419257,1
SUBDEVICES.NUM=0
SUBLOGICALMODELS.NUM=0
