ENTITYNAME=F4System
SYSCLASSIFYNAME=M_G_
BASEFAMILY=913143de-76d0-4d80-85fc-b4b6695ec456-00452945.fam
OBJECTMODELPOINTER=9e7547ff-02cc-47af-bd3c-e5a0e14a542e.dev
TRANSFORMMATRIX=1,0,0,0,0,1,0,0,0,0,1,0,56006.4966666667,24999.9999999999,11306.785,1
SUBDEVICES.NUM=0
SUBLOGICALMODELS.NUM=0
