ENTITYNAME=F4System
SYSCLASSIFYNAME=&其他
BASEFAMILY=646dc6fc-bba4-471a-a75b-e7a5cb86bde2-0042cf19.fam
OBJECTMODELPOINTER=492348c0-d105-4daf-8c32-629f2ca61210.dev
TRANSFORMMATRIX=-1,0,0,0,0,-1,0,0,0,0,1,0,185647.074158419,163999.998925781,31896.0982030093,1
SUBDEVICES.NUM=0
SUBLOGICALMODELS.NUM=0
