ENTITYNAME=F4System
SYSCLASSIFYNAME=M_K_
BASEFAMILY=230edf89-3a86-4af1-a39c-9ac227c5314b-00497a30.fam
OBJECTMODELPOINTER=7d578eda-1007-47d6-be80-68a5c002d7ce.dev
TRANSFORMMATRIX=0.893172313053675,-0.449714597488617,0,0,0.449714597488617,0.893172313053675,0,0,0,0,1,0,177103.691961723,115508.622930171,8698.74942848067,1
SUBDEVICES.NUM=0
SUBLOGICALMODELS.NUM=0
