ENTITYNAME=F4System
SYSCLASSIFYNAME=M_K_
BASEFAMILY=47c2e859-18e6-41f4-a4af-de173013a18e-0041b80c.fam
OBJECTMODELPOINTER=6d33e233-976b-4953-8816-52ba3fb1ca92.dev
TRANSFORMMATRIX=0.999999943518075,0.000336100947608138,0,0,-0.000336100947608138,0.999999943518075,0,0,0,0,1,0,117499.440691374,165260.766822876,21057.7921290339,1
SUBDEVICES.NUM=0
SUBLOGICALMODELS.NUM=0
