ENTITYNAME=F4System
SYSCLASSIFYNAME=&其他
BASEFAMILY=646dc6fc-bba4-471a-a75b-e7a5cb86bde2-0042be9a.fam
OBJECTMODELPOINTER=55408383-e33a-431e-ad95-479bf93014bf.dev
TRANSFORMMATRIX=0,-1,0,0,1,0,0,0,0,0,1,0,90499.9995327284,161842.923782277,24920.6297108433,1
SUBDEVICES.NUM=0
SUBLOGICALMODELS.NUM=0
