ENTITYNAME=F4System
SYSCLASSIFYNAME=M_K_
BASEFAMILY=230edf89-3a86-4af1-a39c-9ac227c5314b-004978fe.fam
OBJECTMODELPOINTER=7d578eda-1007-47d6-be80-68a5c002d7ce.dev
TRANSFORMMATRIX=0.984899777955856,-0.173125467169062,0,0,0.173125467169062,0.984899777955856,0,0,0,0,1,0,152849.602111011,114270.285688796,11431.0728861128,1
SUBDEVICES.NUM=0
SUBLOGICALMODELS.NUM=0
