ENTITYNAME=F4System
SYSCLASSIFYNAME=M_K_
BASEFAMILY=230edf89-3a86-4af1-a39c-9ac227c5314b-00497982.fam
OBJECTMODELPOINTER=50fd9bfd-e884-4168-b814-5e4380f3fd52.dev
TRANSFORMMATRIX=0.942060629126049,-0.335442649421078,0,0,0.335442649421078,0.942060629126049,0,0,0,0,1,0,164405.771524859,113953.728307102,12098.8572480129,1
SUBDEVICES.NUM=0
SUBLOGICALMODELS.NUM=0
