ENTITYNAME=F4System
SYSCLASSIFYNAME=M_K_
BASEFAMILY=881bee2c-8af7-40d2-a7df-2f657407b22b-00497555.fam
OBJECTMODELPOINTER=8f0b5135-a567-43dd-95ad-f3d02aa8403a.dev
TRANSFORMMATRIX=0.9651192629075,-0.261810634552694,0,0,0.261810634552694,0.9651192629075,0,0,0,0,1,0,168790.526489303,91373.3138165227,17484.7936834915,1
SUBDEVICES.NUM=0
SUBLOGICALMODELS.NUM=0
