ENTITYNAME=F4System
SYSCLASSIFYNAME=M_K_
BASEFAMILY=230edf89-3a86-4af1-a39c-9ac227c5314b-00497ab1.fam
OBJECTMODELPOINTER=588c6906-55af-4074-9bc4-741af79f72fc.dev
TRANSFORMMATRIX=-0.577970217252245,-0.816057858224154,0,0,0.816057858224154,-0.577970217252245,0,0,0,0,1,0,176915.954910659,121363.265153962,11296.1798055313,1
SUBDEVICES.NUM=0
SUBLOGICALMODELS.NUM=0
