ENTITYNAME=F4System
SYSCLASSIFYNAME=&其他
BASEFAMILY=646dc6fc-bba4-471a-a75b-e7a5cb86bde2-0042894c.fam
OBJECTMODELPOINTER=60fef67f-70b0-40fd-b6f4-05cf4dc1a7d3.dev
TRANSFORMMATRIX=-1,0,0,0,0,-1,0,0,0,0,1,0,34913.8079015588,21499.9999999999,11861.4092715355,1
SUBDEVICES.NUM=0
SUBLOGICALMODELS.NUM=0
