ENTITYNAME=F4System
SYSCLASSIFYNAME=M_K_
BASEFAMILY=881bee2c-8af7-40d2-a7df-2f657407b22b-0049755b.fam
OBJECTMODELPOINTER=8f0b5135-a567-43dd-95ad-f3d02aa8403a.dev
TRANSFORMMATRIX=0.965119262907424,-0.261810634552974,0,0,0.261810634552974,0.965119262907424,0,0,0,0,1,0,173311.951435883,108040.758663394,19041.00795241,1
SUBDEVICES.NUM=0
SUBLOGICALMODELS.NUM=0
