ENTITYNAME=F4System
SYSCLASSIFYNAME=M_K_
BASEFAMILY=47c2e859-18e6-41f4-a4af-de173013a18e-0040868d.fam
OBJECTMODELPOINTER=709390ca-1346-4cb0-861e-d536d3926996.dev
TRANSFORMMATRIX=0,1,0,0,-1,0,0,0,0,0,1,0,71215.7708992237,164499.998925781,31227.7546655755,1
SUBDEVICES.NUM=0
SUBLOGICALMODELS.NUM=0
