ENTITYNAME=F4System
SYSCLASSIFYNAME=M_K_
BASEFAMILY=230edf89-3a86-4af1-a39c-9ac227c5314b-004978e2.fam
OBJECTMODELPOINTER=50fd9bfd-e884-4168-b814-5e4380f3fd52.dev
TRANSFORMMATRIX=0.983926929250887,-0.17857154839145,0,0,0.17857154839145,0.983926929250887,0,0,0,0,1,0,152461.918427555,113027.591038987,14160.4055437728,1
SUBDEVICES.NUM=0
SUBLOGICALMODELS.NUM=0
