ENTITYNAME=F4System
SYSCLASSIFYNAME=M_K_
BASEFAMILY=02cd4ac8-363f-40da-8850-bb5c724bd1f8-004a9f4b.fam
OBJECTMODELPOINTER=709390ca-1346-4cb0-861e-d536d3926996.dev
TRANSFORMMATRIX=-0.995302027912438,0.0968187648825777,0,0,-0.0968187648825777,-0.995302027912438,0,0,0,0,1,0,187539.095261375,194170.180307342,14003.0181186849,1
SUBDEVICES.NUM=0
SUBLOGICALMODELS.NUM=0
