ENTITYNAME=F4System
SYSCLASSIFYNAME=M_K_
BASEFAMILY=881bee2c-8af7-40d2-a7df-2f657407b22b-004976a1.fam
OBJECTMODELPOINTER=8f0b5135-a567-43dd-95ad-f3d02aa8403a.dev
TRANSFORMMATRIX=0.990372284384547,-0.138429542811262,0,0,0.138429542811262,0.990372284384547,0,0,0,0,1,0,159317.900420244,84339.347717565,17164.2833449951,1
SUBDEVICES.NUM=0
SUBLOGICALMODELS.NUM=0
