ENTITYNAME=F4System
SYSCLASSIFYNAME=&其他
BASEFAMILY=646dc6fc-bba4-471a-a75b-e7a5cb86bde2-0042c876.fam
OBJECTMODELPOINTER=32aafb91-25a6-486b-a329-6bfbac0d1223.dev
TRANSFORMMATRIX=1,0,0,0,0,1,0,0,0,0,1,0,62364.9953061829,149499.999013913,31969.1368843908,1
SUBDEVICES.NUM=0
SUBLOGICALMODELS.NUM=0
