ENTITYNAME=F4System
SYSCLASSIFYNAME=M_K_
BASEFAMILY=44208473-72cd-4326-9e8f-0285d5ad310b-004a0f46.fam
OBJECTMODELPOINTER=709390ca-1346-4cb0-861e-d536d3926996.dev
TRANSFORMMATRIX=-0.999758852578525,0.0219598882253665,0,0,-0.0219598882253665,-0.999758852578525,0,0,0,0,1,0,117671.018257203,191274.651267751,12640.8773868552,1
SUBDEVICES.NUM=0
SUBLOGICALMODELS.NUM=0
