ENTITYNAME=F4System
SYSCLASSIFYNAME=M_K_
BASEFAMILY=20728f02-e3f7-4efe-b266-8d1b73e4b113-0043dc1e.fam
OBJECTMODELPOINTER=4b463d53-93f9-415f-92cf-6bb6b651f63d.dev
TRANSFORMMATRIX=-0.999999965173165,0.000263919813822607,0,0,-0.000263919813822607,-0.999999965173165,0,0,0,0,1,0,151842.723168302,45526.8276272662,10488.3490923638,1
SUBDEVICES.NUM=0
SUBLOGICALMODELS.NUM=0
