ENTITYNAME=F4System
SYSCLASSIFYNAME=&其他
BASEFAMILY=646dc6fc-bba4-471a-a75b-e7a5cb86bde2-0042bc9c.fam
OBJECTMODELPOINTER=0881cec2-e57f-471b-8bed-f5c08c5b88a6.dev
TRANSFORMMATRIX=0,-1,0,0,1,0,0,0,0,0,1,0,63499.9988005237,161842.923782126,24920.6297108433,1
SUBDEVICES.NUM=0
SUBLOGICALMODELS.NUM=0
