ENTITYNAME=F4System
SYSCLASSIFYNAME=M_F_
BASEFAMILY=20728f02-e3f7-4efe-b266-8d1b73e4b113-0044451e.fam
OBJECTMODELPOINTER=016e23a9-a14a-486a-b258-72c38c25dd35.dev
TRANSFORMMATRIX=0.0121404045311314,0.999926302573255,0,0,-0.999926302573255,0.0121404045311314,0,0,0,0,1,0,183554.142135624,17000.3701982768,15884.9613727125,1
SUBDEVICES.NUM=0
SUBLOGICALMODELS.NUM=0
