ENTITYNAME=F4System
SYSCLASSIFYNAME=M_K_
BASEFAMILY=913143de-76d0-4d80-85fc-b4b6695ec456-00452703.fam
OBJECTMODELPOINTER=885b5026-c6b4-42ec-9a54-85fa4c0eddbf.dev
TRANSFORMMATRIX=-0.99986956847871,0.0161507284727024,0,0,-0.0161507284727024,-0.99986956847871,0,0,0,0,1,0,102824.925331123,18623.4714613572,10278.1751851077,1
SUBDEVICES.NUM=0
SUBLOGICALMODELS.NUM=0
