ENTITYNAME=F4System
SYSCLASSIFYNAME=M_K_
BASEFAMILY=47c2e859-18e6-41f4-a4af-de173013a18e-004087ee.fam
OBJECTMODELPOINTER=709390ca-1346-4cb0-861e-d536d3926996.dev
TRANSFORMMATRIX=0,-1,0,0,1,0,0,0,0,0,1,0,98113.0812356613,157000.000885725,31200.2801568327,1
SUBDEVICES.NUM=0
SUBLOGICALMODELS.NUM=0
