ENTITYNAME=F4System
SYSCLASSIFYNAME=M_K_
BASEFAMILY=913143de-76d0-4d80-85fc-b4b6695ec456-004524da.fam
OBJECTMODELPOINTER=885b5026-c6b4-42ec-9a54-85fa4c0eddbf.dev
TRANSFORMMATRIX=-0.999909183013141,0.013476858906748,0,0,-0.013476858906748,-0.999909183013141,0,0,0,0,1,0,52650.7103281516,17755.5059085706,12510.3241052346,1
SUBDEVICES.NUM=0
SUBLOGICALMODELS.NUM=0
