ENTITYNAME=F4System
SYSCLASSIFYNAME=&其他
BASEFAMILY=646dc6fc-bba4-471a-a75b-e7a5cb86bde2-0042c81b.fam
OBJECTMODELPOINTER=47cba895-0e7a-480c-a7de-66331367391e.dev
TRANSFORMMATRIX=-1,0,0,0,0,-1,0,0,0,0,1,0,77635.0040190201,194499.997705078,31969.1368843908,1
SUBDEVICES.NUM=0
SUBLOGICALMODELS.NUM=0
