ENTITYNAME=F4System
SYSCLASSIFYNAME=M_K_
BASEFAMILY=20728f02-e3f7-4efe-b266-8d1b73e4b113-0043e742.fam
OBJECTMODELPOINTER=5d278bed-3290-44fb-9ebb-ff2209033389.dev
TRANSFORMMATRIX=-0.0871109877966801,0.996198612629573,0,0,-0.996198612629573,-0.0871109877966801,0,0,0,0,1,0,55980.5307124481,156529.227313506,28182.65699002,1
SUBDEVICES.NUM=0
SUBLOGICALMODELS.NUM=0
