ENTITYNAME=F4System
SYSCLASSIFYNAME=&其他
BASEFAMILY=646dc6fc-bba4-471a-a75b-e7a5cb86bde2-004298e9.fam
OBJECTMODELPOINTER=96e5b172-02e4-4f39-9b4f-dd8fc58f2758.dev
TRANSFORMMATRIX=-1,0,0,0,0,-1,0,0,0,0,1,0,161279.832592348,182500.000000677,16171.8162436972,1
SUBDEVICES.NUM=0
SUBLOGICALMODELS.NUM=0
