ENTITYNAME=F4System
SYSCLASSIFYNAME=M_F_
BASEFAMILY=881bee2c-8af7-40d2-a7df-2f657407b22b-004977d8.fam
OBJECTMODELPOINTER=90d49a4f-aeb0-4fd4-a530-87b91ecaaf9d.dev
TRANSFORMMATRIX=-0.00827746322242251,-0.999965741214469,0,0,0.999965741214469,-0.00827746322242251,0,0,0,0,1,0,152034.933787339,111101.845498398,19330.3455256285,1
SUBDEVICES.NUM=0
SUBLOGICALMODELS.NUM=0
