ENTITYNAME=F4System
SYSCLASSIFYNAME=M_K_
BASEFAMILY=02cd4ac8-363f-40da-8850-bb5c724bd1f8-004ab604.fam
OBJECTMODELPOINTER=709390ca-1346-4cb0-861e-d536d3926996.dev
TRANSFORMMATRIX=-0.999999542189651,-0.000956880603053109,0,0,0.000956880603053109,-0.999999542189651,0,0,0,0,1,0,171499.402356428,168087.713371247,16463.2569042267,1
SUBDEVICES.NUM=0
SUBLOGICALMODELS.NUM=0
