ENTITYNAME=F4System
SYSCLASSIFYNAME=M_K_
BASEFAMILY=44208473-72cd-4326-9e8f-0285d5ad310b-00498421.fam
OBJECTMODELPOINTER=709390ca-1346-4cb0-861e-d536d3926996.dev
TRANSFORMMATRIX=0.997155511442948,-0.0753716524891989,0,0,0.0753716524891989,0.997155511442948,0,0,0,0,1,0,159468.033313655,183064.841925806,11946.7179723531,1
SUBDEVICES.NUM=0
SUBLOGICALMODELS.NUM=0
