ENTITYNAME=F4System
SYSCLASSIFYNAME=&其他
BASEFAMILY=646dc6fc-bba4-471a-a75b-e7a5cb86bde2-0042886e.fam
OBJECTMODELPOINTER=2bec718b-0e9e-4e21-981e-cc1b9e9130d4.dev
TRANSFORMMATRIX=-1,0,0,0,0,-1,0,0,0,0,1,0,34913.8079015588,41500,11861.4092715355,1
SUBDEVICES.NUM=0
SUBLOGICALMODELS.NUM=0
