ENTITYNAME=F4System
SYSCLASSIFYNAME=M_K_
BASEFAMILY=47c2e859-18e6-41f4-a4af-de173013a18e-004088a5.fam
OBJECTMODELPOINTER=709390ca-1346-4cb0-861e-d536d3926996.dev
TRANSFORMMATRIX=0,-1,0,0,1,0,0,0,0,0,1,0,210640.128596123,186999.999700262,31419.4996516619,1
SUBDEVICES.NUM=0
SUBLOGICALMODELS.NUM=0
