ENTITYNAME=F4System
SYSCLASSIFYNAME=M_K_
BASEFAMILY=47c2e859-18e6-41f4-a4af-de173013a18e-00408ad6.fam
OBJECTMODELPOINTER=709390ca-1346-4cb0-861e-d536d3926996.dev
TRANSFORMMATRIX=-0.000115511048380633,0.999999993328599,0,0,-0.999999993328599,-0.000115511048380633,0,0,0,0,1,0,111658.61014927,194500.015801312,28591.799946487,1
SUBDEVICES.NUM=0
SUBLOGICALMODELS.NUM=0
