ENTITYNAME=F4System
SYSCLASSIFYNAME=M_K_
BASEFAMILY=20728f02-e3f7-4efe-b266-8d1b73e4b113-0043dc62.fam
OBJECTMODELPOINTER=91c6d6dc-3726-4383-9059-8f24fac69e99.dev
TRANSFORMMATRIX=0.999999487578531,0.0010123451362659,0,0,-0.0010123451362659,0.999999487578531,0,0,0,0,1,0,151994.777575041,38376.3362891564,8944.82907705412,1
SUBDEVICES.NUM=0
SUBLOGICALMODELS.NUM=0
