ENTITYNAME=F4System
SYSCLASSIFYNAME=M_K_
BASEFAMILY=20728f02-e3f7-4efe-b266-8d1b73e4b113-0043dc17.fam
OBJECTMODELPOINTER=4b463d53-93f9-415f-92cf-6bb6b651f63d.dev
TRANSFORMMATRIX=-0.999999983344399,0.000182513565454732,0,0,-0.000182513565454732,-0.999999983344399,0,0,0,0,1,0,151737.70793328,45624.835878071,12065.4576185698,1
SUBDEVICES.NUM=0
SUBLOGICALMODELS.NUM=0
