ENTITYNAME=F4System
SYSCLASSIFYNAME=M_G_
BASEFAMILY=230edf89-3a86-4af1-a39c-9ac227c5314b-00497ad3.fam
OBJECTMODELPOINTER=7c3c502a-04c2-4561-8fd6-1dd918b16b81.dev
TRANSFORMMATRIX=0,1,0,0,-1,0,0,0,0,0,1,0,165160.0474912,121213.530369433,10454.5483333333,1
SUBDEVICES.NUM=0
SUBLOGICALMODELS.NUM=0
