ENTITYNAME=F4System
SYSCLASSIFYNAME=&其他
BASEFAMILY=646dc6fc-bba4-471a-a75b-e7a5cb86bde2-00429bb4.fam
OBJECTMODELPOINTER=0362c275-ef67-44be-9340-74bea8d8bc67.dev
TRANSFORMMATRIX=-1,0,0,0,0,-1,0,0,0,0,1,0,217279.826186875,153999.99999984,16171.8162272817,1
SUBDEVICES.NUM=0
SUBLOGICALMODELS.NUM=0
