ENTITYNAME=F4System
SYSCLASSIFYNAME=M_K_
BASEFAMILY=230edf89-3a86-4af1-a39c-9ac227c5314b-00497b2a.fam
OBJECTMODELPOINTER=588c6906-55af-4074-9bc4-741af79f72fc.dev
TRANSFORMMATRIX=-0.701991313437464,-0.712185506633169,0,0,0.712185506633169,-0.701991313437464,0,0,0,0,1,0,164685.795178694,121619.398292629,11957.0601599315,1
SUBDEVICES.NUM=0
SUBLOGICALMODELS.NUM=0
