ENTITYNAME=F4System
SYSCLASSIFYNAME=&其他
BASEFAMILY=646dc6fc-bba4-471a-a75b-e7a5cb86bde2-004299ac.fam
OBJECTMODELPOINTER=77ac02a6-8a28-43f3-9f0e-65abcf17f7a9.dev
TRANSFORMMATRIX=1,0,0,0,0,1,0,0,0,0,1,0,169720.175542688,188999.999999973,16171.8162436972,1
SUBDEVICES.NUM=0
SUBLOGICALMODELS.NUM=0
