ENTITYNAME=F4System
SYSCLASSIFYNAME=M_G_
BASEFAMILY=47c2e859-18e6-41f4-a4af-de173013a18e-0041bad0.fam
OBJECTMODELPOINTER=7d82d36d-bf9e-4bbf-bff3-e25eb81ed94e.dev
TRANSFORMMATRIX=0,-1,0,0,1,0,0,0,0,0,1,0,90499.9661940395,193447.313479248,24514.8827452645,1
SUBDEVICES.NUM=0
SUBLOGICALMODELS.NUM=0
