ENTITYNAME=F4System
SYSCLASSIFYNAME=M_G_
BASEFAMILY=02cd4ac8-363f-40da-8850-bb5c724bd1f8-004ab57f.fam
OBJECTMODELPOINTER=7d82d36d-bf9e-4bbf-bff3-e25eb81ed94e.dev
TRANSFORMMATRIX=0,-1,0,0,1,0,0,0,0,0,1,0,186499.964591969,160711.366406521,24590.5729050995,1
SUBDEVICES.NUM=0
SUBLOGICALMODELS.NUM=0
