ENTITYNAME=F4System
SYSCLASSIFYNAME=M_K_
BASEFAMILY=230edf89-3a86-4af1-a39c-9ac227c5314b-00497a9c.fam
OBJECTMODELPOINTER=082ea9ee-ff3e-486a-8532-e869821d1696.dev
TRANSFORMMATRIX=-0.576947669010194,-0.81678111341026,0,0,0.81678111341026,-0.576947669010194,0,0,0,0,1,0,175812.310777569,122045.486317197,13184.17664606,1
SUBDEVICES.NUM=0
SUBLOGICALMODELS.NUM=0
