ENTITYNAME=F4System
SYSCLASSIFYNAME=M_K_
BASEFAMILY=47c2e859-18e6-41f4-a4af-de173013a18e-0041b81e.fam
OBJECTMODELPOINTER=709390ca-1346-4cb0-861e-d536d3926996.dev
TRANSFORMMATRIX=-0.999999545371031,-0.000953550067912766,0,0,0.000953550067912766,-0.999999545371031,0,0,0,0,1,0,117499.581113759,167900.197312718,14598.834365,1
SUBDEVICES.NUM=0
SUBLOGICALMODELS.NUM=0
