ENTITYNAME=F4System
SYSCLASSIFYNAME=M_K_
BASEFAMILY=44208473-72cd-4326-9e8f-0285d5ad310b-00498403.fam
OBJECTMODELPOINTER=709390ca-1346-4cb0-861e-d536d3926996.dev
TRANSFORMMATRIX=-0.999860249130619,-0.0167177213894521,0,0,0.0167177213894521,-0.999860249130619,0,0,0,0,1,0,144474.299982425,185018.341009299,11240.0361435898,1
SUBDEVICES.NUM=0
SUBLOGICALMODELS.NUM=0
