ENTITYNAME=F4System
SYSCLASSIFYNAME=M_K_
BASEFAMILY=230edf89-3a86-4af1-a39c-9ac227c5314b-00497a22.fam
OBJECTMODELPOINTER=50fd9bfd-e884-4168-b814-5e4380f3fd52.dev
TRANSFORMMATRIX=0.884269829159079,-0.466976304793909,0,0,0.466976304793909,0.884269829159079,0,0,0,0,1,0,176747.600565385,114982.620545656,10104.6927704285,1
SUBDEVICES.NUM=0
SUBLOGICALMODELS.NUM=0
