ENTITYNAME=F4System
SYSCLASSIFYNAME=M_K_
BASEFAMILY=230edf89-3a86-4af1-a39c-9ac227c5314b-00497a72.fam
OBJECTMODELPOINTER=082ea9ee-ff3e-486a-8532-e869821d1696.dev
TRANSFORMMATRIX=-0.567971682085614,-0.823048096011915,0,0,0.823048096011915,-0.567971682085614,0,0,0,0,1,0,173369.410483008,123435.145483566,16807.7943809107,1
SUBDEVICES.NUM=0
SUBLOGICALMODELS.NUM=0
