ENTITYNAME=F4System
SYSCLASSIFYNAME=&其他
BASEFAMILY=646dc6fc-bba4-471a-a75b-e7a5cb86bde2-004297d6.fam
OBJECTMODELPOINTER=3e5c22b5-25bb-4e20-a534-22d3ac476f46.dev
TRANSFORMMATRIX=-1,0,0,0,0,-1,0,0,0,0,1,0,134279.832592102,154000.000000677,16171.8162436972,1
SUBDEVICES.NUM=0
SUBLOGICALMODELS.NUM=0
