ENTITYNAME=F4System
SYSCLASSIFYNAME=M_K_
BASEFAMILY=47c2e859-18e6-41f4-a4af-de173013a18e-0041bbfb.fam
OBJECTMODELPOINTER=4e71ee87-ed35-43d2-a384-0ea51e5f1bca.dev
TRANSFORMMATRIX=-0.963474340486504,0.267800663225648,0,0,-0.267800663225648,-0.963474340486504,0,0,0,0,1,0,132800.564861105,148078.356955414,18392.3482041005,1
SUBDEVICES.NUM=0
SUBLOGICALMODELS.NUM=0
