ENTITYNAME=F4System
SYSCLASSIFYNAME=M_K_
BASEFAMILY=44208473-72cd-4326-9e8f-0285d5ad310b-00498401.fam
OBJECTMODELPOINTER=6d33e233-976b-4953-8816-52ba3fb1ca92.dev
TRANSFORMMATRIX=-0.999860251700272,-0.0167175677019353,0,0,0.0167175677019353,-0.999860251700272,0,0,0,0,1,0,144369.695240224,191274.641311598,12640.9175709585,1
SUBDEVICES.NUM=0
SUBLOGICALMODELS.NUM=0
