ENTITYNAME=F4System
SYSCLASSIFYNAME=M_F_
BASEFAMILY=02cd4ac8-363f-40da-8850-bb5c724bd1f8-004ab490.fam
OBJECTMODELPOINTER=016e23a9-a14a-486a-b258-72c38c25dd35.dev
TRANSFORMMATRIX=-4.51582050925436E-05,-0.999999998980368,0,0,0.999999998980368,-4.51582050925436E-05,0,0,0,0,1,0,186298.987066784,174706.885366662,19935.224401161,1
SUBDEVICES.NUM=0
SUBLOGICALMODELS.NUM=0
