ENTITYNAME=F4System
SYSCLASSIFYNAME=M_K_
BASEFAMILY=02cd4ac8-363f-40da-8850-bb5c724bd1f8-004ab58f.fam
OBJECTMODELPOINTER=50fd9bfd-e884-4168-b814-5e4380f3fd52.dev
TRANSFORMMATRIX=-0.150120451484119,-0.98866771467779,0,0,0.98866771467779,-0.150120451484119,0,0,0,0,1,0,186587.3909095,160692.839891113,21463.5193954957,1
SUBDEVICES.NUM=0
SUBLOGICALMODELS.NUM=0
