ENTITYNAME=F4System
SYSCLASSIFYNAME=M_H_
BASEFAMILY=230edf89-3a86-4af1-a39c-9ac227c5314b-00497c20.fam
OBJECTMODELPOINTER=967a8068-6d73-4e80-a1bb-decfdb753a5d.dev
TRANSFORMMATRIX=-0.477054233812559,-0.878873857843953,0,0,0.878873857843953,-0.477054233812559,0,0,0,0,1,0,176001.59102055,113916.804151937,12325.353477224,1
SUBDEVICES.NUM=0
SUBLOGICALMODELS.NUM=0
