ENTITYNAME=F4System
SYSCLASSIFYNAME=M_K_
BASEFAMILY=44208473-72cd-4326-9e8f-0285d5ad310b-00498400.fam
OBJECTMODELPOINTER=6d33e233-976b-4953-8816-52ba3fb1ca92.dev
TRANSFORMMATRIX=-0.99986005325632,-0.0167294322160092,0,0,0.0167294322160092,-0.99986005325632,0,0,0,0,1,0,144321.365133247,194165.214497213,14002.0255978879,1
SUBDEVICES.NUM=0
SUBLOGICALMODELS.NUM=0
