ENTITYNAME=F4System
SYSCLASSIFYNAME=M_G_
BASEFAMILY=20728f02-e3f7-4efe-b266-8d1b73e4b113-00443cc6.fam
OBJECTMODELPOINTER=56041304-841b-4032-b981-f19de9225cd7.dev
TRANSFORMMATRIX=0,-1,0,0,1,0,0,0,0,0,1,0,87597.1617290803,21555.6119852788,5274.97911972036,1
SUBDEVICES.NUM=0
SUBLOGICALMODELS.NUM=0
