ENTITYNAME=F4System
SYSCLASSIFYNAME=&其他
BASEFAMILY=646dc6fc-bba4-471a-a75b-e7a5cb86bde2-0042cf94.fam
OBJECTMODELPOINTER=5fe25c25-f39b-4041-8623-d04ce1543ff4.dev
TRANSFORMMATRIX=1,0,0,0,0,1,0,0,0,0,1,0,172352.924143216,156500.000885725,31896.0982030093,1
SUBDEVICES.NUM=0
SUBLOGICALMODELS.NUM=0
