ENTITYNAME=F4System
SYSCLASSIFYNAME=M_F_
BASEFAMILY=47c2e859-18e6-41f4-a4af-de173013a18e-0040860b.fam
OBJECTMODELPOINTER=1fed45d5-7146-4049-9939-bafa1bdaa034.dev
TRANSFORMMATRIX=1,0,0,0,0,1,0,0,0,0,1,0,62812.6731998809,187199.999700213,31897.7533106135,1
SUBDEVICES.NUM=0
SUBLOGICALMODELS.NUM=0
