ENTITYNAME=F4System
SYSCLASSIFYNAME=M_K_
BASEFAMILY=230edf89-3a86-4af1-a39c-9ac227c5314b-004978e9.fam
OBJECTMODELPOINTER=50fd9bfd-e884-4168-b814-5e4380f3fd52.dev
TRANSFORMMATRIX=0.983984812318654,-0.178252318712054,0,0,0.178252318712054,0.983984812318654,0,0,0,0,1,0,152571.289183842,113342.269684197,13348.5267031355,1
SUBDEVICES.NUM=0
SUBLOGICALMODELS.NUM=0
