ENTITYNAME=F4System
SYSCLASSIFYNAME=&其他
BASEFAMILY=646dc6fc-bba4-471a-a75b-e7a5cb86bde2-0042cf6a.fam
OBJECTMODELPOINTER=62c9db80-d007-48a4-9755-edbcb5c16c3c.dev
TRANSFORMMATRIX=-1,0,0,0,0,-1,0,0,0,0,1,0,185647.074159063,156500.000885725,31896.0982030093,1
SUBDEVICES.NUM=0
SUBLOGICALMODELS.NUM=0
