ENTITYNAME=F4System
SYSCLASSIFYNAME=G_Y_1
BASEFAMILY=194c28f5-7f1a-4b4a-9e65-75dd1c5ac4c4-00240209.fam
OBJECTMODELPOINTER=61731efa-277c-4eb6-9e41-293dd17b5b0c.dev
TRANSFORMMATRIX=-1,0,0,0,0,-1,0,0,0,0,1,0,178999.999999999,204000.011953691,0,1
SUBDEVICES.NUM=0
SUBLOGICALMODELS.NUM=0
