ENTITYNAME=F4System
SYSCLASSIFYNAME=M_K_
BASEFAMILY=20728f02-e3f7-4efe-b266-8d1b73e4b113-004443bd.fam
OBJECTMODELPOINTER=045815f9-8171-4c78-bdf5-c96e6f6896b5.dev
TRANSFORMMATRIX=-0.999999988498158,0.000151669655472338,0,0,-0.000151669655472338,-0.999999988498158,0,0,0,0,1,0,59496.0722188249,6851.2572772255,17078.3229076064,1
SUBDEVICES.NUM=0
SUBLOGICALMODELS.NUM=0
