ENTITYNAME=F4System
SYSCLASSIFYNAME=M_G_
BASEFAMILY=02cd4ac8-363f-40da-8850-bb5c724bd1f8-004a9f67.fam
OBJECTMODELPOINTER=53fec201-a971-438c-a029-5b5eb28d6cba.dev
TRANSFORMMATRIX=1,0,0,0,0,1,0,0,0,0,1,0,170659.621814371,182500.000000009,15606.785,1
SUBDEVICES.NUM=0
SUBLOGICALMODELS.NUM=0
