ENTITYNAME=F4System
SYSCLASSIFYNAME=M_K_
BASEFAMILY=02cd4ac8-363f-40da-8850-bb5c724bd1f8-004ab605.fam
OBJECTMODELPOINTER=709390ca-1346-4cb0-861e-d536d3926996.dev
TRANSFORMMATRIX=-0.99999954517618,-0.000953754388645448,0,0,0.000953754388645448,-0.99999954517618,0,0,0,0,1,0,171499.581113849,167900.284341148,14629.8903398452,1
SUBDEVICES.NUM=0
SUBLOGICALMODELS.NUM=0
