ENTITYNAME=F4System
SYSCLASSIFYNAME=G_T_1
BASEFAMILY=8764a60e-1cdc-4d8e-9bc1-e2fd46971d2a-00495cc8.fam
OBJECTMODELPOINTER=1e027cf2-d62b-4790-b395-500d0ef1d880.dev
TRANSFORMMATRIX=1,0,0,0,0,1,0,0,0,0,1,0,136476.441095727,121370.123404067,0,1
SUBDEVICES.NUM=3
SUBDEVICE0=1aeca0d9-3fc9-43be-b0cb-b460067c2990.cbm
SUBDEVICE1=6ad0ae7c-f8d7-4511-aa47-173b031fe7bc.cbm
SUBDEVICE2=2f4076e5-2eb0-4665-9b04-58373e50ff43.cbm
SUBLOGICALMODELS.NUM=0
