ENTITYNAME=F4System
SYSCLASSIFYNAME=M_K_
BASEFAMILY=20728f02-e3f7-4efe-b266-8d1b73e4b113-0043e711.fam
OBJECTMODELPOINTER=5d278bed-3290-44fb-9ebb-ff2209033389.dev
TRANSFORMMATRIX=-0.0547331468928737,0.998501017841846,0,0,-0.998501017841846,-0.0547331468928737,0,0,0,0,1,0,51153.3867657883,148645.692691327,29219.0301865216,1
SUBDEVICES.NUM=0
SUBLOGICALMODELS.NUM=0
