ENTITYNAME=F4System
SYSCLASSIFYNAME=M_K_
BASEFAMILY=47c2e859-18e6-41f4-a4af-de173013a18e-00408a83.fam
OBJECTMODELPOINTER=709390ca-1346-4cb0-861e-d536d3926996.dev
TRANSFORMMATRIX=-9.12127826051967E-05,0.999999995840114,0,0,-0.999999995840114,-9.12127826051967E-05,0,0,0,0,1,0,109076.712215114,179499.728959742,28987.7184290818,1
SUBDEVICES.NUM=0
SUBLOGICALMODELS.NUM=0
