ENTITYNAME=F4System
SYSCLASSIFYNAME=M_G_
BASEFAMILY=913143de-76d0-4d80-85fc-b4b6695ec456-00452839.fam
OBJECTMODELPOINTER=440c8a1f-21f5-4a8d-9bfa-d4e9feb91983.dev
TRANSFORMMATRIX=-0.196143406285449,0.980575221067074,0,0,-0.980575221067074,-0.196143406285449,0,0,0,0,1,0,97178.0103088393,18520.1991877958,10266.8123813245,1
SUBDEVICES.NUM=0
SUBLOGICALMODELS.NUM=0
