ENTITYNAME=F4System
SYSCLASSIFYNAME=M_K_
BASEFAMILY=47c2e859-18e6-41f4-a4af-de173013a18e-004088f4.fam
OBJECTMODELPOINTER=6d33e233-976b-4953-8816-52ba3fb1ca92.dev
TRANSFORMMATRIX=0,1,0,0,-1,0,0,0,0,0,1,0,208215.772128016,163999.998925781,31227.7546927618,1
SUBDEVICES.NUM=0
SUBLOGICALMODELS.NUM=0
