ENTITYNAME=F4System
SYSCLASSIFYNAME=M_K_
BASEFAMILY=20728f02-e3f7-4efe-b266-8d1b73e4b113-0043dbf9.fam
OBJECTMODELPOINTER=79de6ae2-9c53-460c-a37d-73637cc89c66.dev
TRANSFORMMATRIX=-0.999999998122295,-6.12813969204786E-05,0,0,6.12813969204786E-05,-0.999999998122295,0,0,0,0,1,0,154994.890717293,45624.8741315329,12066.0872109325,1
SUBDEVICES.NUM=0
SUBLOGICALMODELS.NUM=0
