ENTITYNAME=F4System
SYSCLASSIFYNAME=M_K_
BASEFAMILY=02cd4ac8-363f-40da-8850-bb5c724bd1f8-004ab62c.fam
OBJECTMODELPOINTER=709390ca-1346-4cb0-861e-d536d3926996.dev
TRANSFORMMATRIX=-0.99999954218965,-0.00095688060365929,0,0,0.00095688060365929,-0.99999954218965,0,0,0,0,1,0,178999.402356428,168087.713371247,16463.2569042267,1
SUBDEVICES.NUM=0
SUBLOGICALMODELS.NUM=0
