ENTITYNAME=F4System
SYSCLASSIFYNAME=M_F_
BASEFAMILY=47c2e859-18e6-41f4-a4af-de173013a18e-0040894e.fam
OBJECTMODELPOINTER=1fed45d5-7146-4049-9939-bafa1bdaa034.dev
TRANSFORMMATRIX=1,0,0,0,0,1,0,0,0,0,1,0,172799.766226099,164199.998925781,31819.6569608675,1
SUBDEVICES.NUM=0
SUBLOGICALMODELS.NUM=0
