ENTITYNAME=F4System
SYSCLASSIFYNAME=M_K_
BASEFAMILY=881bee2c-8af7-40d2-a7df-2f657407b22b-0049753f.fam
OBJECTMODELPOINTER=8f0b5135-a567-43dd-95ad-f3d02aa8403a.dev
TRANSFORMMATRIX=0.965119262907447,-0.26181063455289,0,0,0.26181063455289,0.965119262907447,0,0,0,0,1,0,161228.296042483,63496.4695957577,17661.0852948178,1
SUBDEVICES.NUM=0
SUBLOGICALMODELS.NUM=0
