ENTITYNAME=F4System
SYSCLASSIFYNAME=M_H_
BASEFAMILY=20728f02-e3f7-4efe-b266-8d1b73e4b113-0043ebc1.fam
OBJECTMODELPOINTER=74f449fd-03e6-4c94-bdf1-f5b23a79c6c6.dev
TRANSFORMMATRIX=-0.999999924317377,0.000389056861187055,0,0,-0.000389056861187055,-0.999999924317377,0,0,0,0,1,0,53408.1014914493,194500.436120157,9339.45291413383,1
SUBDEVICES.NUM=0
SUBLOGICALMODELS.NUM=0
