ENTITYNAME=F4System
SYSCLASSIFYNAME=M_K_
BASEFAMILY=230edf89-3a86-4af1-a39c-9ac227c5314b-00497a0d.fam
OBJECTMODELPOINTER=4170d6df-968b-4253-a536-a40131d0ba18.dev
TRANSFORMMATRIX=0.87933503144683,-0.476203635507335,0,0,0.476203635507335,0.87933503144683,0,0,0,0,1,0,176078.443082892,114022.341467846,12103.6974284974,1
SUBDEVICES.NUM=0
SUBLOGICALMODELS.NUM=0
