ENTITYNAME=F4System
SYSCLASSIFYNAME=M_K_
BASEFAMILY=230edf89-3a86-4af1-a39c-9ac227c5314b-00497b8e.fam
OBJECTMODELPOINTER=082ea9ee-ff3e-486a-8532-e869821d1696.dev
TRANSFORMMATRIX=-0.820412771068316,-0.571771707124449,0,0,0.571771707124449,-0.820412771068316,0,0,0,0,1,0,151925.212095643,122778.65961973,14003.5856188555,1
SUBDEVICES.NUM=0
SUBLOGICALMODELS.NUM=0
