ENTITYNAME=F4System
SYSCLASSIFYNAME=M_K_
BASEFAMILY=230edf89-3a86-4af1-a39c-9ac227c5314b-00497af2.fam
OBJECTMODELPOINTER=082ea9ee-ff3e-486a-8532-e869821d1696.dev
TRANSFORMMATRIX=-0.688857285792582,-0.724896985654152,0,0,0.724896985654152,-0.688857285792582,0,0,0,0,1,0,161955.736195021,123829.690564876,16857.3945904194,1
SUBDEVICES.NUM=0
SUBLOGICALMODELS.NUM=0
