ENTITYNAME=F4System
SYSCLASSIFYNAME=&其他
BASEFAMILY=646dc6fc-bba4-471a-a75b-e7a5cb86bde2-0042c197.fam
OBJECTMODELPOINTER=263bf7eb-9942-42a9-9bfe-d1b0815d272c.dev
TRANSFORMMATRIX=0,-1,0,0,1,0,0,0,0,0,1,0,144499.999532741,195092.928290601,24920.6299449757,1
SUBDEVICES.NUM=0
SUBLOGICALMODELS.NUM=0
