ENTITYNAME=F4System
SYSCLASSIFYNAME=&其他
BASEFAMILY=646dc6fc-bba4-471a-a75b-e7a5cb86bde2-0042979f.fam
OBJECTMODELPOINTER=182bc7d8-e285-4603-bf79-54f1908024c8.dev
TRANSFORMMATRIX=-1,0,0,0,0,-1,0,0,0,0,1,0,134279.832592348,182500.000000677,16171.8162436972,1
SUBDEVICES.NUM=0
SUBLOGICALMODELS.NUM=0
