ENTITYNAME=F4System
SYSCLASSIFYNAME=M_G_
BASEFAMILY=20728f02-e3f7-4efe-b266-8d1b73e4b113-0043edc3.fam
OBJECTMODELPOINTER=592cb0df-0656-43e9-8f0a-c54a25cc3482.dev
TRANSFORMMATRIX=0,-1,0,0,1,0,0,0,0,0,1,0,98000.0316690793,157632.689441473,24483.7691496836,1
SUBDEVICES.NUM=0
SUBLOGICALMODELS.NUM=0
