ENTITYNAME=F4System
SYSCLASSIFYNAME=&其他
BASEFAMILY=646dc6fc-bba4-471a-a75b-e7a5cb86bde2-0042c494.fam
OBJECTMODELPOINTER=3692bd5c-7688-4e4f-b4c4-b246b9f8881e.dev
TRANSFORMMATRIX=0,-1,0,0,1,0,0,0,0,0,1,0,198499.999532728,161842.923782277,24920.6297108433,1
SUBDEVICES.NUM=0
SUBLOGICALMODELS.NUM=0
