ENTITYNAME=F4System
SYSCLASSIFYNAME=M_K_
BASEFAMILY=47c2e859-18e6-41f4-a4af-de173013a18e-00408a2d.fam
OBJECTMODELPOINTER=709390ca-1346-4cb0-861e-d536d3926996.dev
TRANSFORMMATRIX=-0.00012769968761928,0.999999991846395,0,0,-0.999999991846395,-0.00012769968761928,0,0,0,0,1,0,86906.4322215955,149500.270272571,29010.8194969253,1
SUBDEVICES.NUM=0
SUBLOGICALMODELS.NUM=0
