ENTITYNAME=F4System
SYSCLASSIFYNAME=M_K_
BASEFAMILY=230edf89-3a86-4af1-a39c-9ac227c5314b-00497a79.fam
OBJECTMODELPOINTER=4ed18ed8-9d27-4771-b33a-812b1c46e3f6.dev
TRANSFORMMATRIX=-0.565110553923308,-0.825015188856843,0,0,0.825015188856843,-0.565110553923308,0,0,0,0,1,0,173732.325974814,123240.989467357,16162.3496217347,1
SUBDEVICES.NUM=0
SUBLOGICALMODELS.NUM=0
