ENTITYNAME=F4System
SYSCLASSIFYNAME=M_K_
BASEFAMILY=20728f02-e3f7-4efe-b266-8d1b73e4b113-0043dbf8.fam
OBJECTMODELPOINTER=79de6ae2-9c53-460c-a37d-73637cc89c66.dev
TRANSFORMMATRIX=-0.999999997637576,-6.87375255165659E-05,0,0,6.87375255165659E-05,-0.999999997637576,0,0,0,0,1,0,154995.91139821,45755.4853646649,13825.0869600204,1
SUBDEVICES.NUM=0
SUBLOGICALMODELS.NUM=0
