ENTITYNAME=F4System
SYSCLASSIFYNAME=M_K_
BASEFAMILY=20728f02-e3f7-4efe-b266-8d1b73e4b113-00444313.fam
OBJECTMODELPOINTER=045815f9-8171-4c78-bdf5-c96e6f6896b5.dev
TRANSFORMMATRIX=-0.999999988498158,0.000151669655761885,0,0,-0.000151669655761885,-0.999999988498158,0,0,0,0,1,0,183494.376674236,-4282.89376035495,17699.0494883604,1
SUBDEVICES.NUM=0
SUBLOGICALMODELS.NUM=0
