ENTITYNAME=F4System
SYSCLASSIFYNAME=M_K_
BASEFAMILY=230edf89-3a86-4af1-a39c-9ac227c5314b-004979ea.fam
OBJECTMODELPOINTER=4170d6df-968b-4253-a536-a40131d0ba18.dev
TRANSFORMMATRIX=0.878992195212527,-0.476836157139391,0,0,0.476836157139391,0.878992195212527,0,0,0,0,1,0,175040.153241679,112723.288834798,15581.6362299782,1
SUBDEVICES.NUM=0
SUBLOGICALMODELS.NUM=0
