ENTITYNAME=F4System
SYSCLASSIFYNAME=&其他
BASEFAMILY=646dc6fc-bba4-471a-a75b-e7a5cb86bde2-00429b0f.fam
OBJECTMODELPOINTER=8c2bae88-c9fc-41b1-a66a-af1cb69cdad8.dev
TRANSFORMMATRIX=-1,0,0,0,0,-1,0,0,0,0,1,0,217279.826186875,188999.99999984,16171.8162272817,1
SUBDEVICES.NUM=0
SUBLOGICALMODELS.NUM=0
