ENTITYNAME=F4System
SYSCLASSIFYNAME=M_K_
BASEFAMILY=230edf89-3a86-4af1-a39c-9ac227c5314b-00497a8e.fam
OBJECTMODELPOINTER=082ea9ee-ff3e-486a-8532-e869821d1696.dev
TRANSFORMMATRIX=-0.569889774745759,-0.821721147738226,0,0,0.821721147738226,-0.569889774745759,0,0,0,0,1,0,174950.060205718,122562.981957627,14339.0138188789,1
SUBDEVICES.NUM=0
SUBLOGICALMODELS.NUM=0
