ENTITYNAME=F4System
SYSCLASSIFYNAME=M_K_
BASEFAMILY=913143de-76d0-4d80-85fc-b4b6695ec456-00452661.fam
OBJECTMODELPOINTER=045815f9-8171-4c78-bdf5-c96e6f6896b5.dev
TRANSFORMMATRIX=-0.999999999616684,2.76881180977275E-05,0,0,-2.76881180977275E-05,-0.999999999616684,0,0,0,0,1,0,179999.699382271,18621.2852854512,10283.1081252208,1
SUBDEVICES.NUM=0
SUBLOGICALMODELS.NUM=0
