ENTITYNAME=F4System
SYSCLASSIFYNAME=M_K_
BASEFAMILY=230edf89-3a86-4af1-a39c-9ac227c5314b-004979d4.fam
OBJECTMODELPOINTER=709390ca-1346-4cb0-861e-d536d3926996.dev
TRANSFORMMATRIX=0.892929445745296,-0.450196629175518,0,0,0.450196629175518,0.892929445745296,0,0,0,0,1,0,174380.121385398,111741.964092822,18432.8764056341,1
SUBDEVICES.NUM=0
SUBLOGICALMODELS.NUM=0
