ENTITYNAME=F4System
SYSCLASSIFYNAME=M_K_
BASEFAMILY=913143de-76d0-4d80-85fc-b4b6695ec456-00452af9.fam
OBJECTMODELPOINTER=79de6ae2-9c53-460c-a37d-73637cc89c66.dev
TRANSFORMMATRIX=-0.99999895948219,0.00144257912660341,0,0,-0.00144257912660341,-0.99999895948219,0,0,0,0,1,0,103003.590940963,32485.7446803673,8933.62210994861,1
SUBDEVICES.NUM=0
SUBLOGICALMODELS.NUM=0
