ENTITYNAME=F4System
SYSCLASSIFYNAME=M_K_
BASEFAMILY=230edf89-3a86-4af1-a39c-9ac227c5314b-004979e3.fam
OBJECTMODELPOINTER=50fd9bfd-e884-4168-b814-5e4380f3fd52.dev
TRANSFORMMATRIX=0.881170613287336,-0.472798424573116,0,0,0.472798424573116,0.881170613287336,0,0,0,0,1,0,174864.340306013,112503.198781947,16300.5585820529,1
SUBDEVICES.NUM=0
SUBLOGICALMODELS.NUM=0
