ENTITYNAME=F4System
SYSCLASSIFYNAME=M_G_
BASEFAMILY=43803cdb-2e0d-45cd-b17b-8524a6134ffe-004a119c.fam
OBJECTMODELPOINTER=61433d32-f594-4529-a206-11a331bff506.dev
TRANSFORMMATRIX=0,-1,0,0,1,0,0,0,0,0,1,0,156750,99728.4516666662,4532.49666666669,1
SUBDEVICES.NUM=0
SUBLOGICALMODELS.NUM=0
