ENTITYNAME=F4System
SYSCLASSIFYNAME=M_G_
BASEFAMILY=9343c703-1025-4d3d-8f19-27d63020bb62-003e8fc0.fam
OBJECTMODELPOINTER=78b5111a-0cdb-46a5-976c-716a883b3e4b.dev
TRANSFORMMATRIX=0.577205408507814,0.816598993624979,0,0,-0.816598993624979,0.577205408507814,0,0,0,0,1,0,160340.404378596,113057.161731679,5738.66666666667,1
SUBDEVICES.NUM=0
SUBLOGICALMODELS.NUM=0
