ENTITYNAME=F4System
SYSCLASSIFYNAME=M_K_
BASEFAMILY=230edf89-3a86-4af1-a39c-9ac227c5314b-00497990.fam
OBJECTMODELPOINTER=50fd9bfd-e884-4168-b814-5e4380f3fd52.dev
TRANSFORMMATRIX=0.943944687590486,-0.330103660642683,0,0,0.330103660642683,0.943944687590486,0,0,0,0,1,0,164733.507646431,114629.923295906,10769.1819871954,1
SUBDEVICES.NUM=0
SUBLOGICALMODELS.NUM=0
