ENTITYNAME=F4System
SYSCLASSIFYNAME=M_G_
BASEFAMILY=44208473-72cd-4326-9e8f-0285d5ad310b-004983f7.fam
OBJECTMODELPOINTER=7a37506e-7ea1-413a-893c-50d2384dad4c.dev
TRANSFORMMATRIX=0,-1,0,0,1,0,0,0,0,0,1,0,144499.912273206,183486.496666666,9861.38166666666,1
SUBDEVICES.NUM=0
SUBLOGICALMODELS.NUM=0
