ENTITYNAME=F4System
SYSCLASSIFYNAME=M_K_
BASEFAMILY=230edf89-3a86-4af1-a39c-9ac227c5314b-004978d4.fam
OBJECTMODELPOINTER=7d578eda-1007-47d6-be80-68a5c002d7ce.dev
TRANSFORMMATRIX=0.984442995731049,-0.175704263340642,0,0,0.175704263340642,0.984442995731049,0,0,0,0,1,0,152288.015011379,112546.749551288,15584.6596024487,1
SUBDEVICES.NUM=0
SUBLOGICALMODELS.NUM=0
