ENTITYNAME=F4System
SYSCLASSIFYNAME=M_K_
BASEFAMILY=20728f02-e3f7-4efe-b266-8d1b73e4b113-0043dc16.fam
OBJECTMODELPOINTER=4b463d53-93f9-415f-92cf-6bb6b651f63d.dev
TRANSFORMMATRIX=-0.999999666145865,0.000817134113467213,0,0,-0.000817134113467213,-0.999999666145865,0,0,0,0,1,0,151627.25685546,45755.8101833262,13828.0565098928,1
SUBDEVICES.NUM=0
SUBLOGICALMODELS.NUM=0
