ENTITYNAME=F4System
SYSCLASSIFYNAME=M_K_
BASEFAMILY=20728f02-e3f7-4efe-b266-8d1b73e4b113-0043e76b.fam
OBJECTMODELPOINTER=5d278bed-3290-44fb-9ebb-ff2209033389.dev
TRANSFORMMATRIX=-0.0871109908327645,0.996198612364088,0,0,-0.996198612364088,-0.0871109908327645,0,0,0,0,1,0,55980.5307123536,164029.225337024,28182.6569900117,1
SUBDEVICES.NUM=0
SUBLOGICALMODELS.NUM=0
