ENTITYNAME=F4System
SYSCLASSIFYNAME=M_G_
BASEFAMILY=02cd4ac8-363f-40da-8850-bb5c724bd1f8-004ab52b.fam
OBJECTMODELPOINTER=7f4966b9-3476-4f4c-acc7-60161ab7fcfe.dev
TRANSFORMMATRIX=-1,0,0,0,0,-1,0,0,0,0,1,0,171687.183376025,147500.000000048,15606.785,1
SUBDEVICES.NUM=0
SUBLOGICALMODELS.NUM=0
