ENTITYNAME=F4System
SYSCLASSIFYNAME=M_K_
BASEFAMILY=20728f02-e3f7-4efe-b266-8d1b73e4b113-0043e73a.fam
OBJECTMODELPOINTER=5d278bed-3290-44fb-9ebb-ff2209033389.dev
TRANSFORMMATRIX=-0.054733354628265,0.998501006454744,0,0,-0.998501006454744,-0.054733354628265,0,0,0,0,1,0,51153.3867384648,156145.691295347,29219.0301963537,1
SUBDEVICES.NUM=0
SUBLOGICALMODELS.NUM=0
