ENTITYNAME=F4System
SYSCLASSIFYNAME=M_G_
BASEFAMILY=47c2e859-18e6-41f4-a4af-de173013a18e-0041bb5a.fam
OBJECTMODELPOINTER=7d82d36d-bf9e-4bbf-bff3-e25eb81ed94e.dev
TRANSFORMMATRIX=0,-1,0,0,1,0,0,0,0,0,1,0,117499.96619403,160211.917996713,24516.9930648735,1
SUBDEVICES.NUM=0
SUBLOGICALMODELS.NUM=0
