ENTITYNAME=F4System
SYSCLASSIFYNAME=M_K_
BASEFAMILY=881bee2c-8af7-40d2-a7df-2f657407b22b-00497552.fam
OBJECTMODELPOINTER=8f0b5135-a567-43dd-95ad-f3d02aa8403a.dev
TRANSFORMMATRIX=0.96511926290743,-0.261810634552951,0,0,0.261810634552951,0.96511926290743,0,0,0,0,1,0,166522.636863923,83013.1340730985,17143.8438791658,1
SUBDEVICES.NUM=0
SUBLOGICALMODELS.NUM=0
