ENTITYNAME=F4System
SYSCLASSIFYNAME=M_K_
BASEFAMILY=47c2e859-18e6-41f4-a4af-de173013a18e-0040a16d.fam
OBJECTMODELPOINTER=709390ca-1346-4cb0-861e-d536d3926996.dev
TRANSFORMMATRIX=-0.999958510207215,0.00910921863646681,0,0,-0.00910921863646681,-0.999958510207215,0,0,0,0,1,0,90486.5996345567,177751.609268269,21059.9436963893,1
SUBDEVICES.NUM=0
SUBLOGICALMODELS.NUM=0
