ENTITYNAME=F4System
SYSCLASSIFYNAME=&其他
BASEFAMILY=646dc6fc-bba4-471a-a75b-e7a5cb86bde2-00429bce.fam
OBJECTMODELPOINTER=8d043ba9-2d12-4ec5-9592-a831e4df8551.dev
TRANSFORMMATRIX=1,0,0,0,0,1,0,0,0,0,1,0,196720.173813167,160499.999999972,16171.8162272817,1
SUBDEVICES.NUM=0
SUBLOGICALMODELS.NUM=0
