ENTITYNAME=F4System
SYSCLASSIFYNAME=M_K_
BASEFAMILY=230edf89-3a86-4af1-a39c-9ac227c5314b-00497a6b.fam
OBJECTMODELPOINTER=082ea9ee-ff3e-486a-8532-e869821d1696.dev
TRANSFORMMATRIX=-0.572935893030958,-0.819600184527077,0,0,0.819600184527077,-0.572935893030958,0,0,0,0,1,0,173026.642568463,123622.919769266,17466.0686578545,1
SUBDEVICES.NUM=0
SUBLOGICALMODELS.NUM=0
