ENTITYNAME=F4System
SYSCLASSIFYNAME=M_K_
BASEFAMILY=881bee2c-8af7-40d2-a7df-2f657407b22b-00497556.fam
OBJECTMODELPOINTER=8f0b5135-a567-43dd-95ad-f3d02aa8403a.dev
TRANSFORMMATRIX=0.965119262907483,-0.261810634552755,0,0,0.261810634552755,0.965119262907483,0,0,0,0,1,0,169545.183474305,94155.2252326011,17694.1697287279,1
SUBDEVICES.NUM=0
SUBLOGICALMODELS.NUM=0
