ENTITYNAME=F4System
SYSCLASSIFYNAME=M_K_
BASEFAMILY=881bee2c-8af7-40d2-a7df-2f657407b22b-0049769b.fam
OBJECTMODELPOINTER=8f0b5135-a567-43dd-95ad-f3d02aa8403a.dev
TRANSFORMMATRIX=0.990372284384504,-0.138429542811568,0,0,0.138429542811568,0.990372284384504,0,0,0,0,1,0,156860.432901944,66757.7847760824,17535.7480919406,1
SUBDEVICES.NUM=0
SUBLOGICALMODELS.NUM=0
