ENTITYNAME=F4System
SYSCLASSIFYNAME=&其他
BASEFAMILY=646dc6fc-bba4-471a-a75b-e7a5cb86bde2-00429484.fam
OBJECTMODELPOINTER=9acb3c62-5316-4fc5-a711-1f8e5fff8b6e.dev
TRANSFORMMATRIX=-1,0,0,0,0,-1,0,0,0,0,1,0,107279.832591855,195500.000000677,16171.8162436972,1
SUBDEVICES.NUM=0
SUBLOGICALMODELS.NUM=0
