ENTITYNAME=F4System
SYSCLASSIFYNAME=M_G_
BASEFAMILY=20728f02-e3f7-4efe-b266-8d1b73e4b113-0043dc47.fam
OBJECTMODELPOINTER=9e7547ff-02cc-47af-bd3c-e5a0e14a542e.dev
TRANSFORMMATRIX=1,0,0,0,0,1,0,0,0,0,1,0,157998.70176724,41499.9999999996,11306.785,1
SUBDEVICES.NUM=0
SUBLOGICALMODELS.NUM=0
