ENTITYNAME=F4System
SYSCLASSIFYNAME=M_K_
BASEFAMILY=47c2e859-18e6-41f4-a4af-de173013a18e-00408aac.fam
OBJECTMODELPOINTER=709390ca-1346-4cb0-861e-d536d3926996.dev
TRANSFORMMATRIX=-9.12127857232025E-05,0.999999995840114,0,0,-0.999999995840114,-9.12127857232025E-05,0,0,0,0,1,0,109076.712215352,186999.726999813,28987.7184290796,1
SUBDEVICES.NUM=0
SUBLOGICALMODELS.NUM=0
