ENTITYNAME=F4System
SYSCLASSIFYNAME=M_K_
BASEFAMILY=881bee2c-8af7-40d2-a7df-2f657407b22b-00497559.fam
OBJECTMODELPOINTER=8f0b5135-a567-43dd-95ad-f3d02aa8403a.dev
TRANSFORMMATRIX=0.965119262907444,-0.261810634552901,0,0,0.261810634552901,0.965119262907444,0,0,0,0,1,0,171805.77142213,102488.488614617,18479.7813846807,1
SUBDEVICES.NUM=0
SUBLOGICALMODELS.NUM=0
