ENTITYNAME=F4System
SYSCLASSIFYNAME=&其他
BASEFAMILY=646dc6fc-bba4-471a-a75b-e7a5cb86bde2-0042c515.fam
OBJECTMODELPOINTER=171b2f70-b34c-47d4-b879-2855b1a3ca3b.dev
TRANSFORMMATRIX=0,1,0,0,-1,0,0,0,0,0,1,0,171499.999560547,181157.070946256,24920.6299449757,1
SUBDEVICES.NUM=0
SUBLOGICALMODELS.NUM=0
