ENTITYNAME=F4System
SYSCLASSIFYNAME=&其他
BASEFAMILY=646dc6fc-bba4-471a-a75b-e7a5cb86bde2-0042c9fc.fam
OBJECTMODELPOINTER=6f11ec76-507e-4a65-b9ff-935a6071159e.dev
TRANSFORMMATRIX=-1,0,0,0,0,-1,0,0,0,0,1,0,104647.073338397,186999.999700213,31896.0982030093,1
SUBDEVICES.NUM=0
SUBLOGICALMODELS.NUM=0
