ENTITYNAME=F4System
SYSCLASSIFYNAME=M_K_
BASEFAMILY=20728f02-e3f7-4efe-b266-8d1b73e4b113-0043ee1c.fam
OBJECTMODELPOINTER=33b47d81-5060-4ed5-a35b-7eef81617278.dev
TRANSFORMMATRIX=-0.892806204743056,0.450440984783024,0,0,-0.450440984783024,-0.892806204743056,0,0,0,0,1,0,91227.2044940919,162202.606062489,27510.2201906262,1
SUBDEVICES.NUM=0
SUBLOGICALMODELS.NUM=0
