ENTITYNAME=F4System
SYSCLASSIFYNAME=&其他
BASEFAMILY=646dc6fc-bba4-471a-a75b-e7a5cb86bde2-00429971.fam
OBJECTMODELPOINTER=5fc60b1f-1d28-4fa3-b51e-a65e1ad504b1.dev
TRANSFORMMATRIX=1,0,0,0,0,1,0,0,0,0,1,0,142720.175542935,147499.999999973,16171.8162436972,1
SUBDEVICES.NUM=0
SUBLOGICALMODELS.NUM=0
