ENTITYNAME=F4System
SYSCLASSIFYNAME=M_K_
BASEFAMILY=881bee2c-8af7-40d2-a7df-2f657407b22b-0049786d.fam
OBJECTMODELPOINTER=8f0b5135-a567-43dd-95ad-f3d02aa8403a.dev
TRANSFORMMATRIX=0.874359810786831,0.485278189578737,0,0,-0.485278189578737,0.874359810786831,0,0,0,0,1,0,156578.285814867,132350.982178789,22079.9468969748,1
SUBDEVICES.NUM=0
SUBLOGICALMODELS.NUM=0
