ENTITYNAME=F4System
SYSCLASSIFYNAME=M_K_
BASEFAMILY=913143de-76d0-4d80-85fc-b4b6695ec456-004524b0.fam
OBJECTMODELPOINTER=9a7723c9-c048-40c2-8d5c-62610d4ffc9f.dev
TRANSFORMMATRIX=-0.999909802575829,-0.0134308120665684,0,0,0.0134308120665684,-0.999909802575829,0,0,0,0,1,0,59348.0910222422,17755.5165562493,12510.2986047096,1
SUBDEVICES.NUM=0
SUBLOGICALMODELS.NUM=0
