ENTITYNAME=F4System
SYSCLASSIFYNAME=&其他
BASEFAMILY=881bee2c-8af7-40d2-a7df-2f657407b22b-00497862.fam
OBJECTMODELPOINTER=0a7011f9-fc11-4a7a-9196-51a1403f9213.dev
TRANSFORMMATRIX=0.48527818957876,-0.874359810786818,0,0,0.874359810786818,0.48527818957876,0,0,0,0,1,0,154921.309869227,135336.472162516,23427.0482952647,1
SUBDEVICES.NUM=0
SUBLOGICALMODELS.NUM=0
