ENTITYNAME=F4System
SYSCLASSIFYNAME=M_K_
BASEFAMILY=47c2e859-18e6-41f4-a4af-de173013a18e-00412c32.fam
OBJECTMODELPOINTER=6d33e233-976b-4953-8816-52ba3fb1ca92.dev
TRANSFORMMATRIX=-0.999999994323452,-0.000106550906868855,0,0,0.000106550906868855,-0.999999994323452,0,0,0,0,1,0,151999.660503172,177752.151621053,21060.0268686409,1
SUBDEVICES.NUM=0
SUBLOGICALMODELS.NUM=0
