ENTITYNAME=F4System
SYSCLASSIFYNAME=M_K_
BASEFAMILY=44208473-72cd-4326-9e8f-0285d5ad310b-00498420.fam
OBJECTMODELPOINTER=6d33e233-976b-4953-8816-52ba3fb1ca92.dev
TRANSFORMMATRIX=0.997137128392519,-0.0756144640999373,0,0,0.0756144640999373,0.997137128392519,0,0,0,0,1,0,159443.291640301,182737.590220817,13489.193510125,1
SUBDEVICES.NUM=0
SUBLOGICALMODELS.NUM=0
