ENTITYNAME=F4System
SYSCLASSIFYNAME=M_K_
BASEFAMILY=230edf89-3a86-4af1-a39c-9ac227c5314b-00497a1b.fam
OBJECTMODELPOINTER=50fd9bfd-e884-4168-b814-5e4380f3fd52.dev
TRANSFORMMATRIX=0.882500625129732,-0.470311223176346,0,0,0.470311223176346,0.882500625129732,0,0,0,0,1,0,176534.611277407,114670.822137069,10778.3068629766,1
SUBDEVICES.NUM=0
SUBLOGICALMODELS.NUM=0
