ENTITYNAME=F4System
SYSCLASSIFYNAME=M_K_
BASEFAMILY=20728f02-e3f7-4efe-b266-8d1b73e4b113-0043e749.fam
OBJECTMODELPOINTER=5d278bed-3290-44fb-9ebb-ff2209033389.dev
TRANSFORMMATRIX=-0.0936441024534778,0.995605736260937,0,0,-0.995605736260937,-0.0936441024534778,0,0,0,0,1,0,58160.292321046,156706.829076437,28764.54134741,1
SUBDEVICES.NUM=0
SUBLOGICALMODELS.NUM=0
