ENTITYNAME=F4System
SYSCLASSIFYNAME=M_G_
BASEFAMILY=230edf89-3a86-4af1-a39c-9ac227c5314b-004978b5.fam
OBJECTMODELPOINTER=7c3c502a-04c2-4561-8fd6-1dd918b16b81.dev
TRANSFORMMATRIX=1,0,0,0,0,1,0,0,0,0,1,0,153228.550962131,115690.026950798,7826.88166666667,1
SUBDEVICES.NUM=0
SUBLOGICALMODELS.NUM=0
