ENTITYNAME=F4System
SYSCLASSIFYNAME=&其他
BASEFAMILY=646dc6fc-bba4-471a-a75b-e7a5cb86bde2-0042c53e.fam
OBJECTMODELPOINTER=651b40b3-8936-4965-b580-53693a2b59ac.dev
TRANSFORMMATRIX=0,-1,0,0,1,0,0,0,0,0,1,0,178999.999150854,195092.928290427,24920.6299449757,1
SUBDEVICES.NUM=0
SUBLOGICALMODELS.NUM=0
