ENTITYNAME=F4System
SYSCLASSIFYNAME=&其他
BASEFAMILY=204be4ec-3d00-4333-9e4c-f4bd8266df9c-003e7bf0.fam
OBJECTMODELPOINTER=4b484cbd-39f8-4f78-a62f-d86fe6c5212a.dev
TRANSFORMMATRIX=1,0,0,0,0,1,0,0,0,0,1,0,89105.3943850846,160499.999999988,15822.3785106243,1
SUBDEVICES.NUM=0
SUBLOGICALMODELS.NUM=0
