ENTITYNAME=F4System
SYSCLASSIFYNAME=M_K_
BASEFAMILY=230edf89-3a86-4af1-a39c-9ac227c5314b-00497adc.fam
OBJECTMODELPOINTER=709390ca-1346-4cb0-861e-d536d3926996.dev
TRANSFORMMATRIX=-0.714010108401995,-0.700135390549408,0,0,0.700135390549408,-0.714010108401995,0,0,0,0,1,0,160892.92603389,124734.997463882,19533.1794866357,1
SUBDEVICES.NUM=0
SUBLOGICALMODELS.NUM=0
