ENTITYNAME=F4System
SYSCLASSIFYNAME=&其他
BASEFAMILY=646dc6fc-bba4-471a-a75b-e7a5cb86bde2-0042c8cf.fam
OBJECTMODELPOINTER=96f10215-9a2c-44a8-b421-366deb86e958.dev
TRANSFORMMATRIX=1,0,0,0,0,1,0,0,0,0,1,0,62364.9953061829,157000.000885725,31969.1368843908,1
SUBDEVICES.NUM=0
SUBLOGICALMODELS.NUM=0
