ENTITYNAME=F4System
SYSCLASSIFYNAME=M_K_
BASEFAMILY=20728f02-e3f7-4efe-b266-8d1b73e4b113-0043e720.fam
OBJECTMODELPOINTER=5d278bed-3290-44fb-9ebb-ff2209033389.dev
TRANSFORMMATRIX=-0.0936437473329953,0.995605769662588,0,0,-0.995605769662588,-0.0936437473329953,0,0,0,0,1,0,58160.2923221,149206.828325987,28764.5413478428,1
SUBDEVICES.NUM=0
SUBLOGICALMODELS.NUM=0
