ENTITYNAME=F4System
SYSCLASSIFYNAME=&其他
BASEFAMILY=646dc6fc-bba4-471a-a75b-e7a5cb86bde2-0042c469.fam
OBJECTMODELPOINTER=3d479747-e4e4-4ecb-8cf3-f053a1654d9c.dev
TRANSFORMMATRIX=0,1,0,0,-1,0,0,0,0,0,1,0,205999.998330383,147907.072661943,24920.6297108433,1
SUBDEVICES.NUM=0
SUBLOGICALMODELS.NUM=0
