ENTITYNAME=F4System
SYSCLASSIFYNAME=&其他
BASEFAMILY=646dc6fc-bba4-471a-a75b-e7a5cb86bde2-0042ce33.fam
OBJECTMODELPOINTER=5244462a-98dc-4eb0-8fc9-6877ee24352c.dev
TRANSFORMMATRIX=1,0,0,0,0,1,0,0,0,0,1,0,199364.993469981,163999.998925781,31969.1370456303,1
SUBDEVICES.NUM=0
SUBLOGICALMODELS.NUM=0
