ENTITYNAME=F4System
SYSCLASSIFYNAME=M_G_
BASEFAMILY=44208473-72cd-4326-9e8f-0285d5ad310b-004a0f19.fam
OBJECTMODELPOINTER=53fec201-a971-438c-a029-5b5eb28d6cba.dev
TRANSFORMMATRIX=1,0,0,0,0,1,0,0,0,0,1,0,132472.073839622,182500.000000609,15606.785,1
SUBDEVICES.NUM=0
SUBLOGICALMODELS.NUM=0
