ENTITYNAME=F4System
SYSCLASSIFYNAME=&其他
BASEFAMILY=646dc6fc-bba4-471a-a75b-e7a5cb86bde2-0042c8a2.fam
OBJECTMODELPOINTER=5c93a955-3199-4215-9711-4693b5e6c048.dev
TRANSFORMMATRIX=-1,0,0,0,0,-1,0,0,0,0,1,0,77635.0040190197,157000.000885725,31969.1368843908,1
SUBDEVICES.NUM=0
SUBLOGICALMODELS.NUM=0
