ENTITYNAME=F4System
SYSCLASSIFYNAME=M_K_
BASEFAMILY=47c2e859-18e6-41f4-a4af-de173013a18e-00412c14.fam
OBJECTMODELPOINTER=6d33e233-976b-4953-8816-52ba3fb1ca92.dev
TRANSFORMMATRIX=0.999999572215806,-0.000924969299470045,0,0,0.000924969299470045,0.999999572215806,0,0,0,0,1,0,124999.711773506,175269.201983438,12987.4245281139,1
SUBDEVICES.NUM=0
SUBLOGICALMODELS.NUM=0
