ENTITYNAME=F4System
SYSCLASSIFYNAME=M_K_
BASEFAMILY=230edf89-3a86-4af1-a39c-9ac227c5314b-00497a64.fam
OBJECTMODELPOINTER=588c6906-55af-4074-9bc4-741af79f72fc.dev
TRANSFORMMATRIX=-0.57984032221208,-0.814730139823605,0,0,0.814730139823605,-0.57984032221208,0,0,0,0,1,0,172702.335788379,123810.807729773,18133.6251655714,1
SUBDEVICES.NUM=0
SUBLOGICALMODELS.NUM=0
