ENTITYNAME=F4System
SYSCLASSIFYNAME=&其他
BASEFAMILY=646dc6fc-bba4-471a-a75b-e7a5cb86bde2-0042c737.fam
OBJECTMODELPOINTER=72e3b8d8-9233-44d0-937f-e0bdb9c5316f.dev
TRANSFORMMATRIX=1,0,0,0,0,1,0,0,0,0,1,0,62364.9953061829,179500.001660156,31969.1368843908,1
SUBDEVICES.NUM=0
SUBLOGICALMODELS.NUM=0
