ENTITYNAME=F4System
SYSCLASSIFYNAME=&其他
BASEFAMILY=646dc6fc-bba4-471a-a75b-e7a5cb86bde2-004296dd.fam
OBJECTMODELPOINTER=904ef5e9-1203-4d53-a33c-f465147a0a00.dev
TRANSFORMMATRIX=1,0,0,0,0,1,0,0,0,0,1,0,88720.1755429349,147499.999999973,16171.8162436972,1
SUBDEVICES.NUM=0
SUBLOGICALMODELS.NUM=0
