ENTITYNAME=F4System
SYSCLASSIFYNAME=&其他
BASEFAMILY=646dc6fc-bba4-471a-a75b-e7a5cb86bde2-0042ca26.fam
OBJECTMODELPOINTER=6582fbac-7971-4ea4-a247-5c3591e925ca.dev
TRANSFORMMATRIX=1,0,0,0,0,1,0,0,0,0,1,0,91352.9233225506,186999.999700213,31896.0982030093,1
SUBDEVICES.NUM=0
SUBLOGICALMODELS.NUM=0
