ENTITYNAME=F4System
SYSCLASSIFYNAME=&其他
BASEFAMILY=646dc6fc-bba4-471a-a75b-e7a5cb86bde2-0042c0c4.fam
OBJECTMODELPOINTER=7766564a-d759-47f7-a3f3-be7c8a29b6df.dev
TRANSFORMMATRIX=0,1,0,0,-1,0,0,0,0,0,1,0,117499.999532741,147907.072661944,24920.6297108433,1
SUBDEVICES.NUM=0
SUBLOGICALMODELS.NUM=0
