ENTITYNAME=F4System
SYSCLASSIFYNAME=M_K_
BASEFAMILY=881bee2c-8af7-40d2-a7df-2f657407b22b-004977ea.fam
OBJECTMODELPOINTER=8f0b5135-a567-43dd-95ad-f3d02aa8403a.dev
TRANSFORMMATRIX=0.999965741214468,-0.00827746322242954,0,0,0.00827746322242954,0.999965741214468,0,0,0,0,1,0,151632.498809889,69733.9552020943,17417.7341736519,1
SUBDEVICES.NUM=0
SUBLOGICALMODELS.NUM=0
