ENTITYNAME=F4System
SYSCLASSIFYNAME=M_K_
BASEFAMILY=47c2e859-18e6-41f4-a4af-de173013a18e-0041ba9a.fam
OBJECTMODELPOINTER=2f6d7990-1d04-4201-8a17-17eb458bdd49.dev
TRANSFORMMATRIX=-0.567687026312144,-0.823244459536094,0,0,0.823244459536094,-0.567687026312144,0,0,0,0,1,0,105494.519428176,182691.96690872,18437.8866599992,1
SUBDEVICES.NUM=0
SUBLOGICALMODELS.NUM=0
