ENTITYNAME=F4System
SYSCLASSIFYNAME=M_K_
BASEFAMILY=20728f02-e3f7-4efe-b266-8d1b73e4b113-00444368.fam
OBJECTMODELPOINTER=045815f9-8171-4c78-bdf5-c96e6f6896b5.dev
TRANSFORMMATRIX=-0.999999988498158,0.000151669655605121,0,0,-0.000151669655605121,-0.999999988498158,0,0,0,0,1,0,109495.648973368,4060.68291775501,17001.4022299521,1
SUBDEVICES.NUM=0
SUBLOGICALMODELS.NUM=0
