ENTITYNAME=F4System
SYSCLASSIFYNAME=M_G_
BASEFAMILY=20728f02-e3f7-4efe-b266-8d1b73e4b113-0043ed76.fam
OBJECTMODELPOINTER=4a27c95d-35f7-426a-bae7-49730419e329.dev
TRANSFORMMATRIX=0,-1,0,0,1,0,0,0,0,0,1,0,105499.966881027,148923.965654905,24893.4286419437,1
SUBDEVICES.NUM=0
SUBLOGICALMODELS.NUM=0
