ENTITYNAME=F4System
SYSCLASSIFYNAME=M_K_
BASEFAMILY=47c2e859-18e6-41f4-a4af-de173013a18e-00412bfb.fam
OBJECTMODELPOINTER=6d33e233-976b-4953-8816-52ba3fb1ca92.dev
TRANSFORMMATRIX=-0.999999994301278,-0.000106758817184635,0,0,0.000106758817184635,-0.999999994301278,0,0,0,0,1,0,132499.659856046,177752.151621152,21060.0268686447,1
SUBDEVICES.NUM=0
SUBLOGICALMODELS.NUM=0
