ENTITYNAME=F4System
SYSCLASSIFYNAME=M_K_
BASEFAMILY=230edf89-3a86-4af1-a39c-9ac227c5314b-0049795f.fam
OBJECTMODELPOINTER=50fd9bfd-e884-4168-b814-5e4380f3fd52.dev
TRANSFORMMATRIX=0.941858962146018,-0.336008475228268,0,0,0.336008475228268,0.941858962146018,0,0,0,0,1,0,163646.915904248,112596.916349332,15580.066678452,1
SUBDEVICES.NUM=0
SUBLOGICALMODELS.NUM=0
