ENTITYNAME=F4System
SYSCLASSIFYNAME=M_K_
BASEFAMILY=881bee2c-8af7-40d2-a7df-2f657407b22b-0049769c.fam
OBJECTMODELPOINTER=8f0b5135-a567-43dd-95ad-f3d02aa8403a.dev
TRANSFORMMATRIX=0.990372284384528,-0.138429542811395,0,0,0.138429542811395,0.990372284384528,0,0,0,0,1,0,157269.846491549,69686.869592519,17419.4669635874,1
SUBDEVICES.NUM=0
SUBLOGICALMODELS.NUM=0
