ENTITYNAME=F4System
SYSCLASSIFYNAME=M_K_
BASEFAMILY=881bee2c-8af7-40d2-a7df-2f657407b22b-00497547.fam
OBJECTMODELPOINTER=8f0b5135-a567-43dd-95ad-f3d02aa8403a.dev
TRANSFORMMATRIX=0.965119262907465,-0.261810634552822,0,0,0.261810634552822,0.965119262907465,0,0,0,0,1,0,162740.531583056,69071.0622884971,17443.4479385192,1
SUBDEVICES.NUM=0
SUBLOGICALMODELS.NUM=0
