ENTITYNAME=F4System
SYSCLASSIFYNAME=M_K_
BASEFAMILY=47c2e859-18e6-41f4-a4af-de173013a18e-00412c00.fam
OBJECTMODELPOINTER=6d33e233-976b-4953-8816-52ba3fb1ca92.dev
TRANSFORMMATRIX=-0.999999996165887,-8.75684073490319E-05,0,0,8.75684073490319E-05,-0.999999996165887,0,0,0,0,1,0,124999.452771435,179537.846639486,22352.9251852271,1
SUBDEVICES.NUM=0
SUBLOGICALMODELS.NUM=0
