ENTITYNAME=F4System
SYSCLASSIFYNAME=&其他
BASEFAMILY=34cc799f-08e7-4ed9-b6ac-6c98ca5fb06f-002251b2.fam
OBJECTMODELPOINTER=4f2acb23-7068-49dd-9f2e-4a4bd46cb622.dev
TRANSFORMMATRIX=1,0,0,0,0,1,0,0,0,0,1,0,65526.5046763024,136698.156917879,-610,1
SUBDEVICES.NUM=0
SUBLOGICALMODELS.NUM=0
