ENTITYNAME=F4System
SYSCLASSIFYNAME=&其他
BASEFAMILY=646dc6fc-bba4-471a-a75b-e7a5cb86bde2-00429673.fam
OBJECTMODELPOINTER=1807c62b-ae3f-4b99-9277-1ad64961e0b1.dev
TRANSFORMMATRIX=1,0,0,0,0,1,0,0,0,0,1,0,88720.1755426884,153999.999999973,16171.8162436972,1
SUBDEVICES.NUM=0
SUBLOGICALMODELS.NUM=0
