ENTITYNAME=F4System
SYSCLASSIFYNAME=M_H_
BASEFAMILY=230edf89-3a86-4af1-a39c-9ac227c5314b-00497bfd.fam
OBJECTMODELPOINTER=9d4563bf-b655-4ef3-b17c-e9a6b194e5f5.dev
TRANSFORMMATRIX=-0.334614059425951,-0.942355257445134,0,0,0.942355257445134,-0.334614059425951,0,0,0,0,1,0,164462.758415914,114068.340606581,11871.3820585422,1
SUBDEVICES.NUM=0
SUBLOGICALMODELS.NUM=0
