ENTITYNAME=F4System
SYSCLASSIFYNAME=M_K_
BASEFAMILY=913143de-76d0-4d80-85fc-b4b6695ec456-00452658.fam
OBJECTMODELPOINTER=9a7723c9-c048-40c2-8d5c-62610d4ffc9f.dev
TRANSFORMMATRIX=-0.999870459157482,-0.0160954932887007,0,0,0.0160954932887007,-0.999870459157482,0,0,0,0,1,0,183174.477917323,18623.4565597426,10278.208785008,1
SUBDEVICES.NUM=0
SUBLOGICALMODELS.NUM=0
