ENTITYNAME=F4System
SYSCLASSIFYNAME=&其他
BASEFAMILY=646dc6fc-bba4-471a-a75b-e7a5cb86bde2-004288c5.fam
OBJECTMODELPOINTER=7278d7a9-7e3e-450e-8d7b-f7756bb98f64.dev
TRANSFORMMATRIX=1,0,0,0,0,1,0,0,0,0,1,0,15086.1920984413,25000,11861.4092715355,1
SUBDEVICES.NUM=0
SUBLOGICALMODELS.NUM=0
