ENTITYNAME=F4System
SYSCLASSIFYNAME=M_K_
BASEFAMILY=230edf89-3a86-4af1-a39c-9ac227c5314b-00497b1c.fam
OBJECTMODELPOINTER=082ea9ee-ff3e-486a-8532-e869821d1696.dev
TRANSFORMMATRIX=-0.696076272678832,-0.717967842325507,0,0,0.717967842325507,-0.696076272678832,0,0,0,0,1,0,164024.798640555,122184.947695156,13189.5432696324,1
SUBDEVICES.NUM=0
SUBLOGICALMODELS.NUM=0
