ENTITYNAME=F4System
SYSCLASSIFYNAME=M_K_
BASEFAMILY=47c2e859-18e6-41f4-a4af-de173013a18e-0041b806.fam
OBJECTMODELPOINTER=6d33e233-976b-4953-8816-52ba3fb1ca92.dev
TRANSFORMMATRIX=0.999999946723274,0.000326425259764991,0,0,-0.000326425259764991,0.999999946723274,0,0,0,0,1,0,124999.45367729,165260.766785081,21057.7921362843,1
SUBDEVICES.NUM=0
SUBLOGICALMODELS.NUM=0
