ENTITYNAME=F4System
SYSCLASSIFYNAME=&其他
BASEFAMILY=646dc6fc-bba4-471a-a75b-e7a5cb86bde2-0042c416.fam
OBJECTMODELPOINTER=563f8be6-d394-47d7-af4c-fe14fde9f26c.dev
TRANSFORMMATRIX=0,1,0,0,-1,0,0,0,0,0,1,0,213500.000219727,147907.072661995,24920.6297108433,1
SUBDEVICES.NUM=0
SUBLOGICALMODELS.NUM=0
