ENTITYNAME=F4System
SYSCLASSIFYNAME=&其他
BASEFAMILY=646dc6fc-bba4-471a-a75b-e7a5cb86bde2-0042bef3.fam
OBJECTMODELPOINTER=131ba4e3-7bfc-4c1c-b9d8-7ec3b8a9735c.dev
TRANSFORMMATRIX=0,-1,0,0,1,0,0,0,0,0,1,0,132500.000219727,195092.928291144,24920.6299449757,1
SUBDEVICES.NUM=0
SUBLOGICALMODELS.NUM=0
