ENTITYNAME=F4System
SYSCLASSIFYNAME=M_K_
BASEFAMILY=230edf89-3a86-4af1-a39c-9ac227c5314b-00497966.fam
OBJECTMODELPOINTER=4170d6df-968b-4253-a536-a40131d0ba18.dev
TRANSFORMMATRIX=0.941012428384636,-0.338371998879416,0,0,0.338371998879416,0.941012428384636,0,0,0,0,1,0,163782.924098655,112827.505289036,14864.9476397272,1
SUBDEVICES.NUM=0
SUBLOGICALMODELS.NUM=0
