ENTITYNAME=F4System
SYSCLASSIFYNAME=M_K_
BASEFAMILY=47c2e859-18e6-41f4-a4af-de173013a18e-0041b811.fam
OBJECTMODELPOINTER=709390ca-1346-4cb0-861e-d536d3926996.dev
TRANSFORMMATRIX=-0.999999542441267,-0.000956617612255988,0,0,0.000956617612255988,-0.999999542441267,0,0,0,0,1,0,132499.404303611,168085.624329277,16398.1727923483,1
SUBDEVICES.NUM=0
SUBLOGICALMODELS.NUM=0
