ENTITYNAME=F4System
SYSCLASSIFYNAME=M_K_
BASEFAMILY=47c2e859-18e6-41f4-a4af-de173013a18e-00408b0e.fam
OBJECTMODELPOINTER=709390ca-1346-4cb0-861e-d536d3926996.dev
TRANSFORMMATRIX=-0.00012721038643633,0.999999991908759,0,0,-0.999999991908759,-0.00012721038643633,0,0,0,0,1,0,197207.341106897,164000.505021759,30026.5643516467,1
SUBDEVICES.NUM=0
SUBLOGICALMODELS.NUM=0
