ENTITYNAME=F4System
SYSCLASSIFYNAME=M_K_
BASEFAMILY=881bee2c-8af7-40d2-a7df-2f657407b22b-0049785c.fam
OBJECTMODELPOINTER=8f0b5135-a567-43dd-95ad-f3d02aa8403a.dev
TRANSFORMMATRIX=0.795174907682266,0.606380133408492,0,0,-0.606380133408492,0.795174907682266,0,0,0,0,1,0,165257.398784084,133050.046586167,22384.755867977,1
SUBDEVICES.NUM=0
SUBLOGICALMODELS.NUM=0
