ENTITYNAME=F4System
SYSCLASSIFYNAME=&其他
BASEFAMILY=20728f02-e3f7-4efe-b266-8d1b73e4b113-004443b7.fam
OBJECTMODELPOINTER=9b5ddce3-c62a-4311-b9fa-e58964c1912f.dev
TRANSFORMMATRIX=-0.000151669655554243,-0.999999988498158,0,0,0.999999988498158,-0.000151669655554243,0,0,0,0,1,0,59497.0880362004,13548.822193024,17693.1807381457,1
SUBDEVICES.NUM=0
SUBLOGICALMODELS.NUM=0
