ENTITYNAME=F4System
SYSCLASSIFYNAME=G_Y_1
BASEFAMILY=41c192fa-8cc0-412c-86b1-a4150a01ea05-0026d0a3.fam
OBJECTMODELPOINTER=61731efa-277c-4eb6-9e41-293dd17b5b0c.dev
TRANSFORMMATRIX=0,-1,0,0,1,0,0,0,0,0,1,0,50499.9999999998,194500.01195369,0,1
SUBDEVICES.NUM=0
SUBLOGICALMODELS.NUM=0
