ENTITYNAME=F4System
SYSCLASSIFYNAME=M_K_
BASEFAMILY=230edf89-3a86-4af1-a39c-9ac227c5314b-00497b87.fam
OBJECTMODELPOINTER=082ea9ee-ff3e-486a-8532-e869821d1696.dev
TRANSFORMMATRIX=-0.81841570618911,-0.574626602119132,0,0,0.574626602119132,-0.81841570618911,0,0,0,0,1,0,151625.778833364,123144.047015994,14644.2678782842,1
SUBDEVICES.NUM=0
SUBLOGICALMODELS.NUM=0
