ENTITYNAME=F4System
SYSCLASSIFYNAME=M_G_
BASEFAMILY=47c2e859-18e6-41f4-a4af-de173013a18e-0041bc25.fam
OBJECTMODELPOINTER=7f4966b9-3476-4f4c-acc7-60161ab7fcfe.dev
TRANSFORMMATRIX=1,0,0,0,0,1,0,0,0,0,1,0,178963.938241555,154000.000000324,15606.785,1
SUBDEVICES.NUM=0
SUBLOGICALMODELS.NUM=0
