ENTITYNAME=F4System
SYSCLASSIFYNAME=&其他
BASEFAMILY=20728f02-e3f7-4efe-b266-8d1b73e4b113-0043e3ab.fam
OBJECTMODELPOINTER=1a4a08d1-4ef1-4136-8a0b-feacc32c8c66.dev
TRANSFORMMATRIX=-0.000419533366106228,0.999999911995873,0,0,-0.999999911995873,-0.000419533366106228,0,0,0,0,1,0,171497.26229326,208924.550701765,25462.3526397326,1
SUBDEVICES.NUM=0
SUBLOGICALMODELS.NUM=0
