ENTITYNAME=F4System
SYSCLASSIFYNAME=M_F_
BASEFAMILY=47c2e859-18e6-41f4-a4af-de173013a18e-0040a148.fam
OBJECTMODELPOINTER=4c9da82b-1a13-439b-ade9-0e0a43ec015c.dev
TRANSFORMMATRIX=-4.56035097412544E-05,-0.99999999896016,0,0,0.99999999896016,-4.56035097412544E-05,0,0,0,0,1,0,97798.987066784,174706.885366662,19935.224401161,1
SUBDEVICES.NUM=0
SUBLOGICALMODELS.NUM=0
