ENTITYNAME=F4System
SYSCLASSIFYNAME=M_G_
BASEFAMILY=20728f02-e3f7-4efe-b266-8d1b73e4b113-0043edab.fam
OBJECTMODELPOINTER=53fec201-a971-438c-a029-5b5eb28d6cba.dev
TRANSFORMMATRIX=1,0,0,0,0,1,0,0,0,0,1,0,98025.9849970674,157000.034224425,31058.7178124305,1
SUBDEVICES.NUM=0
SUBLOGICALMODELS.NUM=0
