ENTITYNAME=F4System
SYSCLASSIFYNAME=M_K_
BASEFAMILY=47c2e859-18e6-41f4-a4af-de173013a18e-004084bb.fam
OBJECTMODELPOINTER=709390ca-1346-4cb0-861e-d536d3926996.dev
TRANSFORMMATRIX=-1,0,0,0,0,-1,0,0,0,0,1,0,213500.000219727,157846.543666024,24362.8340722868,1
SUBDEVICES.NUM=0
SUBLOGICALMODELS.NUM=0
