ENTITYNAME=F4System
SYSCLASSIFYNAME=M_K_
BASEFAMILY=230edf89-3a86-4af1-a39c-9ac227c5314b-00497949.fam
OBJECTMODELPOINTER=709390ca-1346-4cb0-861e-d536d3926996.dev
TRANSFORMMATRIX=0.950041651763494,-0.312123148636067,0,0,0.312123148636067,0.950041651763494,0,0,0,0,1,0,163178.638376285,111579.374024624,18419.6138477995,1
SUBDEVICES.NUM=0
SUBLOGICALMODELS.NUM=0
