ENTITYNAME=F4System
SYSCLASSIFYNAME=M_K_
BASEFAMILY=913143de-76d0-4d80-85fc-b4b6695ec456-004526d3.fam
OBJECTMODELPOINTER=885b5026-c6b4-42ec-9a54-85fa4c0eddbf.dev
TRANSFORMMATRIX=-0.999869568478709,0.0161507284727677,0,0,-0.0161507284727677,-0.999869568478709,0,0,0,0,1,0,138824.925331123,18623.4714613571,10278.1751851077,1
SUBDEVICES.NUM=0
SUBLOGICALMODELS.NUM=0
