ENTITYNAME=F4System
SYSCLASSIFYNAME=M_K_
BASEFAMILY=47c2e859-18e6-41f4-a4af-de173013a18e-00408ac1.fam
OBJECTMODELPOINTER=709390ca-1346-4cb0-861e-d536d3926996.dev
TRANSFORMMATRIX=-0.000127289052968511,0.999999991898748,0,0,-0.999999991898748,-0.000127289052968511,0,0,0,0,1,0,116182.07174405,187000.505055074,29964.3924112927,1
SUBDEVICES.NUM=0
SUBLOGICALMODELS.NUM=0
