ENTITYNAME=F4System
SYSCLASSIFYNAME=M_K_
BASEFAMILY=20728f02-e3f7-4efe-b266-8d1b73e4b113-0043dc00.fam
OBJECTMODELPOINTER=79de6ae2-9c53-460c-a37d-73637cc89c66.dev
TRANSFORMMATRIX=-0.999999998311188,-5.81173219085706E-05,0,0,5.81173219085706E-05,-0.999999998311188,0,0,0,0,1,0,154993.828596781,45527.0869496511,10492.2483768174,1
SUBDEVICES.NUM=0
SUBLOGICALMODELS.NUM=0
