ENTITYNAME=F4System
SYSCLASSIFYNAME=M_K_
BASEFAMILY=47c2e859-18e6-41f4-a4af-de173013a18e-00408733.fam
OBJECTMODELPOINTER=709390ca-1346-4cb0-861e-d536d3926996.dev
TRANSFORMMATRIX=0,1,0,0,-1,0,0,0,0,0,1,0,100649.705436288,186999.999700213,31336.2363962427,1
SUBDEVICES.NUM=0
SUBLOGICALMODELS.NUM=0
