ENTITYNAME=F4System
SYSCLASSIFYNAME=&其他
BASEFAMILY=646dc6fc-bba4-471a-a75b-e7a5cb86bde2-00429abb.fam
OBJECTMODELPOINTER=4d89887e-6be7-4c85-a250-ec5d8b3d0ff0.dev
TRANSFORMMATRIX=1,0,0,0,0,1,0,0,0,0,1,0,169720.175542935,147499.999999973,16171.8162436972,1
SUBDEVICES.NUM=0
SUBLOGICALMODELS.NUM=0
