ENTITYNAME=F4System
SYSCLASSIFYNAME=&其他
BASEFAMILY=646dc6fc-bba4-471a-a75b-e7a5cb86bde2-0042cbfa.fam
OBJECTMODELPOINTER=85fb0f3f-769a-49c0-9eb8-6a705af6f8dc.dev
TRANSFORMMATRIX=1,0,0,0,0,1,0,0,0,0,1,0,91352.9233225506,157000.000885725,31896.0982030093,1
SUBDEVICES.NUM=0
SUBLOGICALMODELS.NUM=0
