ENTITYNAME=F4System
SYSCLASSIFYNAME=&其他
BASEFAMILY=646dc6fc-bba4-471a-a75b-e7a5cb86bde2-0042bb4e.fam
OBJECTMODELPOINTER=2b1b1e6d-d3da-4872-a634-237f11052fb1.dev
TRANSFORMMATRIX=0,-1,0,0,1,0,0,0,0,0,1,0,63499.9988005417,195092.928290739,24920.6299449757,1
SUBDEVICES.NUM=0
SUBLOGICALMODELS.NUM=0
