ENTITYNAME=F4System
SYSCLASSIFYNAME=&其他
BASEFAMILY=646dc6fc-bba4-471a-a75b-e7a5cb86bde2-00429955.fam
OBJECTMODELPOINTER=5dc26193-dee0-40ca-973d-72d54446acf5.dev
TRANSFORMMATRIX=-1,0,0,0,0,-1,0,0,0,0,1,0,161279.832591855,160500.000000677,16171.8162436972,1
SUBDEVICES.NUM=0
SUBLOGICALMODELS.NUM=0
