ENTITYNAME=F4System
SYSCLASSIFYNAME=M_F_
BASEFAMILY=881bee2c-8af7-40d2-a7df-2f657407b22b-00497863.fam
OBJECTMODELPOINTER=7a1d720b-46a2-432c-82c6-a364eafe63ff.dev
TRANSFORMMATRIX=0.485278189578755,-0.874359810786821,0,0,0.874359810786821,0.485278189578755,0,0,0,0,1,0,155071.138497329,134942.874974306,23248.880546374,1
SUBDEVICES.NUM=0
SUBLOGICALMODELS.NUM=0
