ENTITYNAME=F4System
SYSCLASSIFYNAME=M_G_
BASEFAMILY=20728f02-e3f7-4efe-b266-8d1b73e4b113-0043dc0e.fam
OBJECTMODELPOINTER=6e3c1f86-adf3-49b7-ab27-fee229308f5b.dev
TRANSFORMMATRIX=0,-1,0,0,1,0,0,0,0,0,1,0,151497.503639085,45798.064261612,16953.666634931,1
SUBDEVICES.NUM=0
SUBLOGICALMODELS.NUM=0
