ENTITYNAME=F4System
SYSCLASSIFYNAME=&其他
BASEFAMILY=646dc6fc-bba4-471a-a75b-e7a5cb86bde2-00429a16.fam
OBJECTMODELPOINTER=0dd35109-9e9e-44c6-87cc-45d5a0d3fcea.dev
TRANSFORMMATRIX=1,0,0,0,0,1,0,0,0,0,1,0,169720.175542935,182499.999999973,16171.8162436972,1
SUBDEVICES.NUM=0
SUBLOGICALMODELS.NUM=0
