ENTITYNAME=F4System
SYSCLASSIFYNAME=M_K_
BASEFAMILY=47c2e859-18e6-41f4-a4af-de173013a18e-0041bbf3.fam
OBJECTMODELPOINTER=082ea9ee-ff3e-486a-8532-e869821d1696.dev
TRANSFORMMATRIX=-0.953515503454873,0.301343964053042,0,0,-0.301343964053042,-0.953515503454873,0,0,0,0,1,0,132359.756557791,148744.659383154,21476.0844942579,1
SUBDEVICES.NUM=0
SUBLOGICALMODELS.NUM=0
