ENTITYNAME=F4System
SYSCLASSIFYNAME=&其他
BASEFAMILY=646dc6fc-bba4-471a-a75b-e7a5cb86bde2-0042cc24.fam
OBJECTMODELPOINTER=96e9ad36-25a1-4bf1-a8aa-01d47d7a31b9.dev
TRANSFORMMATRIX=-1,0,0,0,0,-1,0,0,0,0,1,0,104647.073338397,157000.000885725,31896.0982030093,1
SUBDEVICES.NUM=0
SUBLOGICALMODELS.NUM=0
