ENTITYNAME=F4System
SYSCLASSIFYNAME=M_K_
BASEFAMILY=02cd4ac8-363f-40da-8850-bb5c724bd1f8-004ab60c.fam
OBJECTMODELPOINTER=709390ca-1346-4cb0-861e-d536d3926996.dev
TRANSFORMMATRIX=-0.999999542192984,-0.00095687711982722,0,0,0.00095687711982722,-0.999999542192984,0,0,0,0,1,0,171499.740958315,167732.685742764,12985.5092254239,1
SUBDEVICES.NUM=0
SUBLOGICALMODELS.NUM=0
