ENTITYNAME=F4System
SYSCLASSIFYNAME=M_K_
BASEFAMILY=20728f02-e3f7-4efe-b266-8d1b73e4b113-00444351.fam
OBJECTMODELPOINTER=808fc5e9-9c05-44a5-bd0b-9d801089519b.dev
TRANSFORMMATRIX=-0.999999988498158,0.000151669655575367,0,0,-0.000151669655575367,-0.999999988498158,0,0,0,0,1,0,138496.486822953,9634.08555416486,17306.1664093554,1
SUBDEVICES.NUM=0
SUBLOGICALMODELS.NUM=0
