ENTITYNAME=F4System
SYSCLASSIFYNAME=&其他
BASEFAMILY=646dc6fc-bba4-471a-a75b-e7a5cb86bde2-0042c6be.fam
OBJECTMODELPOINTER=013eca25-c6b1-4419-a355-e851dfc9b7a1.dev
TRANSFORMMATRIX=0,1,0,0,-1,0,0,0,0,0,1,0,186499.997930779,147907.072661995,24920.6297108433,1
SUBDEVICES.NUM=0
SUBLOGICALMODELS.NUM=0
