ENTITYNAME=F4System
SYSCLASSIFYNAME=&其他
BASEFAMILY=646dc6fc-bba4-471a-a75b-e7a5cb86bde2-0042ceba.fam
OBJECTMODELPOINTER=6b0357e6-7c10-41b9-a5c7-13389c4921b8.dev
TRANSFORMMATRIX=-1,0,0,0,0,-1,0,0,0,0,1,0,214635.006773801,148999.999013982,31969.1370456303,1
SUBDEVICES.NUM=0
SUBLOGICALMODELS.NUM=0
