ENTITYNAME=F4System
SYSCLASSIFYNAME=M_F_
BASEFAMILY=881bee2c-8af7-40d2-a7df-2f657407b22b-00497874.fam
OBJECTMODELPOINTER=5bc8b1b6-4264-4624-ae71-f24172c38d90.dev
TRANSFORMMATRIX=0.328199664308327,-0.944608374061919,0,0,0.944608374061919,0.328199664308327,0,0,0,0,1,0,146528.993407071,134577.434777783,23064.7823168571,1
SUBDEVICES.NUM=0
SUBLOGICALMODELS.NUM=0
