ENTITYNAME=F4System
SYSCLASSIFYNAME=&其他
BASEFAMILY=646dc6fc-bba4-471a-a75b-e7a5cb86bde2-0042be6f.fam
OBJECTMODELPOINTER=66d9589c-8634-496b-9206-1801ea7ca023.dev
TRANSFORMMATRIX=0,1,0,0,-1,0,0,0,0,0,1,0,97999.9983303827,147907.072661943,24920.6297108433,1
SUBDEVICES.NUM=0
SUBLOGICALMODELS.NUM=0
