ENTITYNAME=F4System
SYSCLASSIFYNAME=M_G_
BASEFAMILY=20728f02-e3f7-4efe-b266-8d1b73e4b113-0043eb84.fam
OBJECTMODELPOINTER=71e6cb1f-a261-45b9-b59c-90b94f8fcd99.dev
TRANSFORMMATRIX=0.999999967886505,0.000253430440917838,0,0,-0.000253430440917838,0.999999967886505,0,0,0,0,1,0,54806.9555356134,186998.672456854,28022.7231849936,1
SUBDEVICES.NUM=0
SUBLOGICALMODELS.NUM=0
