ENTITYNAME=F4System
SYSCLASSIFYNAME=M_G_
BASEFAMILY=9343c703-1025-4d3d-8f19-27d63020bb62-003e932b.fam
OBJECTMODELPOINTER=31b05db2-a88e-44b4-a10d-00a262ca1d39.dev
TRANSFORMMATRIX=-0.0674459701802263,0.997722928024834,0,0,-0.997722928024834,-0.0674459701802263,0,0,0,0,1,0,151495.278782088,113069.840407087,4738.66666666666,1
SUBDEVICES.NUM=0
SUBLOGICALMODELS.NUM=0
