ENTITYNAME=F4System
SYSCLASSIFYNAME=&其他
BASEFAMILY=34cc799f-08e7-4ed9-b6ac-6c98ca5fb06f-002251c4.fam
OBJECTMODELPOINTER=25dc7d5d-b2d6-4a5f-8c30-407b22f34b6b.dev
TRANSFORMMATRIX=1,0,0,0,0,1,0,0,0,0,1,0,122024.100381614,61448.156917879,-610,1
SUBDEVICES.NUM=0
SUBLOGICALMODELS.NUM=0
