ENTITYNAME=F4System
SYSCLASSIFYNAME=M_H_
BASEFAMILY=20728f02-e3f7-4efe-b266-8d1b73e4b113-0043ea2b.fam
OBJECTMODELPOINTER=4f537ae8-19af-4f4e-85f6-b083113d1798.dev
TRANSFORMMATRIX=0.996786701589023,0.080101632538149,0,0,-0.080101632538149,0.996786701589023,0,0,0,0,1,0,54793.5693931841,156430.190839652,28165.3157525796,1
SUBDEVICES.NUM=0
SUBLOGICALMODELS.NUM=0
