ENTITYNAME=F4System
SYSCLASSIFYNAME=&其他
BASEFAMILY=646dc6fc-bba4-471a-a75b-e7a5cb86bde2-0042c119.fam
OBJECTMODELPOINTER=4dc039a8-9e0c-4308-98e1-8306bdd2ae0d.dev
TRANSFORMMATRIX=0,1,0,0,-1,0,0,0,0,0,1,0,159500.000219727,181157.070946256,24920.6299449757,1
SUBDEVICES.NUM=0
SUBLOGICALMODELS.NUM=0
