ENTITYNAME=F4System
SYSCLASSIFYNAME=M_K_
BASEFAMILY=881bee2c-8af7-40d2-a7df-2f657407b22b-0049787c.fam
OBJECTMODELPOINTER=8f0b5135-a567-43dd-95ad-f3d02aa8403a.dev
TRANSFORMMATRIX=0.944608374061876,0.328199664308449,0,0,-0.328199664308449,0.944608374061876,0,0,0,0,1,0,148597.321933624,128807.287357052,20967.269844205,1
SUBDEVICES.NUM=0
SUBLOGICALMODELS.NUM=0
