ENTITYNAME=F4System
SYSCLASSIFYNAME=M_K_
BASEFAMILY=230edf89-3a86-4af1-a39c-9ac227c5314b-00497b5c.fam
OBJECTMODELPOINTER=709390ca-1346-4cb0-861e-d536d3926996.dev
TRANSFORMMATRIX=-0.834099504791813,-0.551614010070495,0,0,0.551614010070495,-0.834099504791813,0,0,0,0,1,0,149933.476723273,125179.396179779,19535.8714749682,1
SUBDEVICES.NUM=0
SUBLOGICALMODELS.NUM=0
