ENTITYNAME=F4System
SYSCLASSIFYNAME=M_F_
BASEFAMILY=20728f02-e3f7-4efe-b266-8d1b73e4b113-0044457e.fam
OBJECTMODELPOINTER=016e23a9-a14a-486a-b258-72c38c25dd35.dev
TRANSFORMMATRIX=0.0408278087539456,0.99916619740279,0,0,-0.99916619740279,0.0408278087539456,0,0,0,0,1,0,102444.142135624,17000.370198277,15884.9613727125,1
SUBDEVICES.NUM=0
SUBLOGICALMODELS.NUM=0
