ENTITYNAME=F4System
SYSCLASSIFYNAME=M_K_
BASEFAMILY=881bee2c-8af7-40d2-a7df-2f657407b22b-00497548.fam
OBJECTMODELPOINTER=8f0b5135-a567-43dd-95ad-f3d02aa8403a.dev
TRANSFORMMATRIX=0.965119262907486,-0.261810634552744,0,0,0.261810634552744,0.965119262907486,0,0,0,0,1,0,163496.674089875,71858.4498217828,17336.7206837668,1
SUBDEVICES.NUM=0
SUBLOGICALMODELS.NUM=0
