ENTITYNAME=F4System
SYSCLASSIFYNAME=M_K_
BASEFAMILY=881bee2c-8af7-40d2-a7df-2f657407b22b-004976a4.fam
OBJECTMODELPOINTER=8f0b5135-a567-43dd-95ad-f3d02aa8403a.dev
TRANSFORMMATRIX=0.990372284384561,-0.13842954281116,0,0,0.13842954281116,0.990372284384561,0,0,0,0,1,0,160545.347045252,93120.9205905229,17612.2396981066,1
SUBDEVICES.NUM=0
SUBLOGICALMODELS.NUM=0
