ENTITYNAME=F4System
SYSCLASSIFYNAME=&其他
BASEFAMILY=646dc6fc-bba4-471a-a75b-e7a5cb86bde2-00429542.fam
OBJECTMODELPOINTER=6d5d90c0-790d-42b6-9d36-1103e5de3ead.dev
TRANSFORMMATRIX=-1,0,0,0,0,-1,0,0,0,0,1,0,80279.8261868751,188999.99999984,16171.8162272817,1
SUBDEVICES.NUM=0
SUBLOGICALMODELS.NUM=0
