ENTITYNAME=F4System
SYSCLASSIFYNAME=M_K_
BASEFAMILY=20728f02-e3f7-4efe-b266-8d1b73e4b113-0043ed85.fam
OBJECTMODELPOINTER=33b47d81-5060-4ed5-a35b-7eef81617278.dev
TRANSFORMMATRIX=-0.305273187316813,-0.952264816689892,0,0,0.952264816689892,-0.305273187316813,0,0,0,0,1,0,104649.1057666,149208.086205852,27883.5913585463,1
SUBDEVICES.NUM=0
SUBLOGICALMODELS.NUM=0
