ENTITYNAME=F4System
SYSCLASSIFYNAME=M_G_
BASEFAMILY=20728f02-e3f7-4efe-b266-8d1b73e4b113-0043edf9.fam
OBJECTMODELPOINTER=7d82d36d-bf9e-4bbf-bff3-e25eb81ed94e.dev
TRANSFORMMATRIX=1,0,0,0,0,1,0,0,0,0,1,0,92367.0160930307,164499.965587081,31579.5236066829,1
SUBDEVICES.NUM=0
SUBLOGICALMODELS.NUM=0
