ENTITYNAME=F4System
SYSCLASSIFYNAME=M_K_
BASEFAMILY=47c2e859-18e6-41f4-a4af-de173013a18e-00408781.fam
OBJECTMODELPOINTER=709390ca-1346-4cb0-861e-d536d3926996.dev
TRANSFORMMATRIX=0,-1,0,0,1,0,0,0,0,0,1,0,127649.649468551,179500.001660156,31336.2308177902,1
SUBDEVICES.NUM=0
SUBLOGICALMODELS.NUM=0
