ENTITYNAME=F4System
SYSCLASSIFYNAME=&其他
BASEFAMILY=646dc6fc-bba4-471a-a75b-e7a5cb86bde2-00429ad8.fam
OBJECTMODELPOINTER=1548d65e-5b7e-41b3-a7ca-dc2207c205ee.dev
TRANSFORMMATRIX=-1,0,0,0,0,-1,0,0,0,0,1,0,188279.832592348,147500.000000677,16171.8162436972,1
SUBDEVICES.NUM=0
SUBLOGICALMODELS.NUM=0
