ENTITYNAME=F4System
SYSCLASSIFYNAME=M_K_
BASEFAMILY=230edf89-3a86-4af1-a39c-9ac227c5314b-00497b07.fam
OBJECTMODELPOINTER=082ea9ee-ff3e-486a-8532-e869821d1696.dev
TRANSFORMMATRIX=-0.68775211745648,-0.725945607421196,0,0,0.725945607421196,-0.68775211745648,0,0,0,0,1,0,162933.669091498,123084.27881344,14958.1100556294,1
SUBDEVICES.NUM=0
SUBLOGICALMODELS.NUM=0
