ENTITYNAME=F4System
SYSCLASSIFYNAME=M_K_
BASEFAMILY=47c2e859-18e6-41f4-a4af-de173013a18e-00408b52.fam
OBJECTMODELPOINTER=709390ca-1346-4cb0-861e-d536d3926996.dev
TRANSFORMMATRIX=-0.000115609415421442,0.999999993317232,0,0,-0.999999993317232,-0.000115609415421442,0,0,0,0,1,0,192682.068541208,149000.018859459,28631.3244888025,1
SUBDEVICES.NUM=0
SUBLOGICALMODELS.NUM=0
