ENTITYNAME=F4System
SYSCLASSIFYNAME=&其他
BASEFAMILY=646dc6fc-bba4-471a-a75b-e7a5cb86bde2-00429b44.fam
OBJECTMODELPOINTER=6f508a77-85ec-4b93-84d3-c1107c66f593.dev
TRANSFORMMATRIX=-1,0,0,0,0,-1,0,0,0,0,1,0,217279.826186917,195499.99999984,16171.8162272817,1
SUBDEVICES.NUM=0
SUBLOGICALMODELS.NUM=0
