ENTITYNAME=F4System
SYSCLASSIFYNAME=&其他
BASEFAMILY=646dc6fc-bba4-471a-a75b-e7a5cb86bde2-0042cb50.fam
OBJECTMODELPOINTER=492ff566-58b8-4121-be4e-8bd018ec7c3c.dev
TRANSFORMMATRIX=1,0,0,0,0,1,0,0,0,0,1,0,118352.92553217,194499.997705078,31896.0982030093,1
SUBDEVICES.NUM=0
SUBLOGICALMODELS.NUM=0
