ENTITYNAME=F4System
SYSCLASSIFYNAME=M_K_
BASEFAMILY=47c2e859-18e6-41f4-a4af-de173013a18e-00408978.fam
OBJECTMODELPOINTER=6d33e233-976b-4953-8816-52ba3fb1ca92.dev
TRANSFORMMATRIX=0,1,0,0,-1,0,0,0,0,0,1,0,181649.706256648,148999.999014084,31336.2363962427,1
SUBDEVICES.NUM=0
SUBLOGICALMODELS.NUM=0
