ENTITYNAME=F4System
SYSCLASSIFYNAME=M_H_
BASEFAMILY=20728f02-e3f7-4efe-b266-8d1b73e4b113-0043e9bd.fam
OBJECTMODELPOINTER=4f537ae8-19af-4f4e-85f6-b083113d1798.dev
TRANSFORMMATRIX=0.996786726024082,0.0801013284670856,0,0,-0.0801013284670856,0.996786726024082,0,0,0,0,1,0,54793.5694302429,148930.191149585,28165.3157505375,1
SUBDEVICES.NUM=0
SUBLOGICALMODELS.NUM=0
