ENTITYNAME=F4System
SYSCLASSIFYNAME=M_K_
BASEFAMILY=47c2e859-18e6-41f4-a4af-de173013a18e-0041b83a.fam
OBJECTMODELPOINTER=6d33e233-976b-4953-8816-52ba3fb1ca92.dev
TRANSFORMMATRIX=0.999999947993145,0.000322511562597718,0,0,-0.000322511562597718,0.999999947993145,0,0,0,0,1,0,144500.122167163,163464.232999419,22354.740064364,1
SUBDEVICES.NUM=0
SUBLOGICALMODELS.NUM=0
