ENTITYNAME=F4System
SYSCLASSIFYNAME=M_K_
BASEFAMILY=913143de-76d0-4d80-85fc-b4b6695ec456-00452630.fam
OBJECTMODELPOINTER=045815f9-8171-4c78-bdf5-c96e6f6896b5.dev
TRANSFORMMATRIX=-0.99999999973289,2.31132189676809E-05,0,0,-2.31132189676809E-05,-0.99999999973289,0,0,0,0,1,0,191999.402276925,17757.0673679314,12506.5826412105,1
SUBDEVICES.NUM=0
SUBLOGICALMODELS.NUM=0
