ENTITYNAME=F4System
SYSCLASSIFYNAME=&其他
BASEFAMILY=646dc6fc-bba4-471a-a75b-e7a5cb86bde2-0042c26b.fam
OBJECTMODELPOINTER=8d9a5ef0-4241-43f6-837d-300d73b19652.dev
TRANSFORMMATRIX=0,1,0,0,-1,0,0,0,0,0,1,0,151999.998330383,147907.072661943,24920.6297108433,1
SUBDEVICES.NUM=0
SUBLOGICALMODELS.NUM=0
