ENTITYNAME=F4System
SYSCLASSIFYNAME=M_G_
BASEFAMILY=20728f02-e3f7-4efe-b266-8d1b73e4b113-0043dbc8.fam
OBJECTMODELPOINTER=6e3c1f86-adf3-49b7-ab27-fee229308f5b.dev
TRANSFORMMATRIX=0,-1,0,0,1,0,0,0,0,0,1,0,158497.501402689,45798.0642616169,16953.6666349317,1
SUBDEVICES.NUM=0
SUBLOGICALMODELS.NUM=0
