ENTITYNAME=F4System
SYSCLASSIFYNAME=M_K_
BASEFAMILY=20728f02-e3f7-4efe-b266-8d1b73e4b113-0043e727.fam
OBJECTMODELPOINTER=5d278bed-3290-44fb-9ebb-ff2209033389.dev
TRANSFORMMATRIX=-0.0917359566406664,0.995783367133244,0,0,-0.995783367133244,-0.0917359566406664,0,0,0,0,1,0,60296.4805870272,149364.634944906,29900.9620862585,1
SUBDEVICES.NUM=0
SUBLOGICALMODELS.NUM=0
