ENTITYNAME=F4System
SYSCLASSIFYNAME=M_K_
BASEFAMILY=20728f02-e3f7-4efe-b266-8d1b73e4b113-0043dc61.fam
OBJECTMODELPOINTER=79de6ae2-9c53-460c-a37d-73637cc89c66.dev
TRANSFORMMATRIX=0.999999487578521,0.00101234514655544,0,0,-0.00101234514655544,0.999999487578521,0,0,0,0,1,0,151996.321927011,36850.8178433521,9417.00067054864,1
SUBDEVICES.NUM=0
SUBLOGICALMODELS.NUM=0
