ENTITYNAME=F4System
SYSCLASSIFYNAME=M_G_
BASEFAMILY=913143de-76d0-4d80-85fc-b4b6695ec456-004528f9.fam
OBJECTMODELPOINTER=9e7547ff-02cc-47af-bd3c-e5a0e14a542e.dev
TRANSFORMMATRIX=1,0,0,0,0,1,0,0,0,0,1,0,103006.496666667,21499.9999999997,11306.785,1
SUBDEVICES.NUM=0
SUBLOGICALMODELS.NUM=0
