ENTITYNAME=F4System
SYSCLASSIFYNAME=M_K_
BASEFAMILY=44208473-72cd-4326-9e8f-0285d5ad310b-004a0f4d.fam
OBJECTMODELPOINTER=709390ca-1346-4cb0-861e-d536d3926996.dev
TRANSFORMMATRIX=-0.999758852578518,0.0219598882257111,0,0,-0.0219598882257111,-0.999758852578518,0,0,0,0,1,0,117601.848982252,188125.609968081,12014.9989208623,1
SUBDEVICES.NUM=0
SUBLOGICALMODELS.NUM=0
