ENTITYNAME=F4System
SYSCLASSIFYNAME=M_K_
BASEFAMILY=913143de-76d0-4d80-85fc-b4b6695ec456-00452b2e.fam
OBJECTMODELPOINTER=79de6ae2-9c53-460c-a37d-73637cc89c66.dev
TRANSFORMMATRIX=-0.99999921038766,0.00125667181753975,0,0,-0.00125667181753975,-0.99999921038766,0,0,0,0,1,0,59002.9672945745,38386.5192110066,8611.80697417736,1
SUBDEVICES.NUM=0
SUBLOGICALMODELS.NUM=0
