ENTITYNAME=F4System
SYSCLASSIFYNAME=&其他
BASEFAMILY=881bee2c-8af7-40d2-a7df-2f657407b22b-0049784c.fam
OBJECTMODELPOINTER=845d3ebf-a2c6-4b90-a3f5-904bdcf2b0c5.dev
TRANSFORMMATRIX=-0.606380133408516,0.795174907682247,0,0,-0.795174907682247,-0.606380133408516,0,0,0,0,1,0,172069.465468955,124117.061815016,20377.9873573833,1
SUBDEVICES.NUM=0
SUBLOGICALMODELS.NUM=0
