ENTITYNAME=F4System
SYSCLASSIFYNAME=M_G_
BASEFAMILY=20728f02-e3f7-4efe-b266-8d1b73e4b113-00443d10.fam
OBJECTMODELPOINTER=56041304-841b-4032-b981-f19de9225cd7.dev
TRANSFORMMATRIX=0,-1,0,0,1,0,0,0,0,0,1,0,37597.1617290803,25055.611985279,5274.97911972036,1
SUBDEVICES.NUM=0
SUBLOGICALMODELS.NUM=0
