ENTITYNAME=F4System
SYSCLASSIFYNAME=M_K_
BASEFAMILY=02cd4ac8-363f-40da-8850-bb5c724bd1f8-004a9f54.fam
OBJECTMODELPOINTER=6d33e233-976b-4953-8816-52ba3fb1ca92.dev
TRANSFORMMATRIX=-0.995303010491583,0.0968086633850121,0,0,-0.0968086633850121,-0.995303010491583,0,0,0,0,1,0,186648.276718763,185011.476664678,11240.0320147116,1
SUBDEVICES.NUM=0
SUBLOGICALMODELS.NUM=0
