ENTITYNAME=F4System
SYSCLASSIFYNAME=&其他
BASEFAMILY=646dc6fc-bba4-471a-a75b-e7a5cb86bde2-0042c614.fam
OBJECTMODELPOINTER=010d2502-a9f5-450f-b162-fe2007e9772e.dev
TRANSFORMMATRIX=0,1,0,0,-1,0,0,0,0,0,1,0,171499.999560547,147907.072661947,24920.6297108433,1
SUBDEVICES.NUM=0
SUBLOGICALMODELS.NUM=0
