ENTITYNAME=F4System
SYSCLASSIFYNAME=M_G_
BASEFAMILY=9343c703-1025-4d3d-8f19-27d63020bb62-003e8fe8.fam
OBJECTMODELPOINTER=31b05db2-a88e-44b4-a10d-00a262ca1d39.dev
TRANSFORMMATRIX=0,-1,0,0,1,0,0,0,0,0,1,0,187300,112929.999802126,5738.66666666667,1
SUBDEVICES.NUM=0
SUBLOGICALMODELS.NUM=0
