ENTITYNAME=F4System
SYSCLASSIFYNAME=&其他
BASEFAMILY=646dc6fc-bba4-471a-a75b-e7a5cb86bde2-0042c1c3.fam
OBJECTMODELPOINTER=007fd40c-1cbc-4b4c-abef-1d16d260ecee.dev
TRANSFORMMATRIX=0,1,0,0,-1,0,0,0,0,0,1,0,144499.999532728,181157.070946256,24920.6299449757,1
SUBDEVICES.NUM=0
SUBLOGICALMODELS.NUM=0
