ENTITYNAME=F4System
SYSCLASSIFYNAME=M_F_
BASEFAMILY=881bee2c-8af7-40d2-a7df-2f657407b22b-0049749c.fam
OBJECTMODELPOINTER=492200ac-2537-40fb-8bf7-10bc219bb9a4.dev
TRANSFORMMATRIX=0.261810634552896,0.965119262907445,0,0,-0.965119262907445,0.261810634552896,0,0,0,0,1,0,160387.137158958,60166.5107377288,17771.0179192266,1
SUBDEVICES.NUM=0
SUBLOGICALMODELS.NUM=0
