ENTITYNAME=F4System
SYSCLASSIFYNAME=M_K_
BASEFAMILY=20728f02-e3f7-4efe-b266-8d1b73e4b113-0043ec6c.fam
OBJECTMODELPOINTER=33b47d81-5060-4ed5-a35b-7eef81617278.dev
TRANSFORMMATRIX=0.827587546379604,-0.56133666642879,0,0,0.56133666642879,0.827587546379604,0,0,0,0,1,0,131728.368561981,181064.157166333,27666.8474387914,1
SUBDEVICES.NUM=0
SUBLOGICALMODELS.NUM=0
