ENTITYNAME=F4System
SYSCLASSIFYNAME=&其他
BASEFAMILY=646dc6fc-bba4-471a-a75b-e7a5cb86bde2-0042cbd1.fam
OBJECTMODELPOINTER=27a35c39-ac3f-4279-b0e3-7e3e072d0446.dev
TRANSFORMMATRIX=-1,0,0,0,0,-1,0,0,0,0,1,0,104647.073338245,149499.999013915,31896.0982030093,1
SUBDEVICES.NUM=0
SUBLOGICALMODELS.NUM=0
