ENTITYNAME=F4System
SYSCLASSIFYNAME=&其他
BASEFAMILY=646dc6fc-bba4-471a-a75b-e7a5cb86bde2-0042cba9.fam
OBJECTMODELPOINTER=4e905bf0-e530-4c7d-b5cc-19a80198cdad.dev
TRANSFORMMATRIX=1,0,0,0,0,1,0,0,0,0,1,0,91352.923322398,149499.999013915,31896.0982030093,1
SUBDEVICES.NUM=0
SUBLOGICALMODELS.NUM=0
