ENTITYNAME=F4System
SYSCLASSIFYNAME=&其他
BASEFAMILY=646dc6fc-bba4-471a-a75b-e7a5cb86bde2-004295e7.fam
OBJECTMODELPOINTER=3b809b96-9b73-4c9c-addd-868437065b15.dev
TRANSFORMMATRIX=-1,0,0,0,0,-1,0,0,0,0,1,0,80279.826186875,153999.99999984,16171.8162272817,1
SUBDEVICES.NUM=0
SUBLOGICALMODELS.NUM=0
