ENTITYNAME=F4System
SYSCLASSIFYNAME=M_K_
BASEFAMILY=47c2e859-18e6-41f4-a4af-de173013a18e-0041bae1.fam
OBJECTMODELPOINTER=97dc1d91-a13e-49c6-864c-c57023e35e23.dev
TRANSFORMMATRIX=0.978689183251762,0.205347224441918,0,0,-0.205347224441918,0.978689183251762,0,0,0,0,1,0,90536.708570331,194525.37757553,19820.1640907418,1
SUBDEVICES.NUM=0
SUBLOGICALMODELS.NUM=0
