ENTITYNAME=F4System
SYSCLASSIFYNAME=&其他
BASEFAMILY=20728f02-e3f7-4efe-b266-8d1b73e4b113-0043e4cb.fam
OBJECTMODELPOINTER=3460111a-d58e-4fc3-8844-8873b0ea8408.dev
TRANSFORMMATRIX=0.00230137035994982,0.999997351843727,0,0,-0.999997351843727,0.00230137035994982,0,0,0,0,1,0,144515.019961571,208926.085811596,25481.5287359822,1
SUBDEVICES.NUM=0
SUBLOGICALMODELS.NUM=0
