ENTITYNAME=F4System
SYSCLASSIFYNAME=&其他
BASEFAMILY=646dc6fc-bba4-471a-a75b-e7a5cb86bde2-00429434.fam
OBJECTMODELPOINTER=6d0b1ace-b328-4777-a9dd-48c5defdbcf7.dev
TRANSFORMMATRIX=1,0,0,0,0,1,0,0,0,0,1,0,88720.1755426884,188999.999999973,16171.8162436972,1
SUBDEVICES.NUM=0
SUBLOGICALMODELS.NUM=0
