ENTITYNAME=F4System
SYSCLASSIFYNAME=M_K_
BASEFAMILY=47c2e859-18e6-41f4-a4af-de173013a18e-00408a82.fam
OBJECTMODELPOINTER=709390ca-1346-4cb0-861e-d536d3926996.dev
TRANSFORMMATRIX=-6.86688263267929E-05,0.999999997642296,0,0,-0.999999997642296,-6.86688263267929E-05,0,0,0,0,1,0,106817.589088722,179499.496273338,29964.5756277119,1
SUBDEVICES.NUM=0
SUBLOGICALMODELS.NUM=0
