ENTITYNAME=F4System
SYSCLASSIFYNAME=M_K_
BASEFAMILY=47c2e859-18e6-41f4-a4af-de173013a18e-0040862b.fam
OBJECTMODELPOINTER=6d33e233-976b-4953-8816-52ba3fb1ca92.dev
TRANSFORMMATRIX=0,-1,0,0,1,0,0,0,0,0,1,0,71215.7608187068,194499.997705078,31227.7542189707,1
SUBDEVICES.NUM=0
SUBLOGICALMODELS.NUM=0
