ENTITYNAME=F4System
SYSCLASSIFYNAME=M_K_
BASEFAMILY=20728f02-e3f7-4efe-b266-8d1b73e4b113-0043e764.fam
OBJECTMODELPOINTER=5d278bed-3290-44fb-9ebb-ff2209033389.dev
TRANSFORMMATRIX=-0.0711675202287432,0.997464377341112,0,0,-0.997464377341112,-0.0711675202287432,0,0,0,0,1,0,53426.1062434486,163817.775569703,28392.5437209511,1
SUBDEVICES.NUM=0
SUBLOGICALMODELS.NUM=0
