ENTITYNAME=F4System
SYSCLASSIFYNAME=&其他
BASEFAMILY=646dc6fc-bba4-471a-a75b-e7a5cb86bde2-00429b7d.fam
OBJECTMODELPOINTER=5bcd590e-9eef-418e-ae53-715c2de94439.dev
TRANSFORMMATRIX=-1,0,0,0,0,-1,0,0,0,0,1,0,217279.826186833,182499.99999984,16171.8162272817,1
SUBDEVICES.NUM=0
SUBLOGICALMODELS.NUM=0
