ENTITYNAME=F4System
SYSCLASSIFYNAME=M_F_
BASEFAMILY=47c2e859-18e6-41f4-a4af-de173013a18e-00408423.fam
OBJECTMODELPOINTER=1fed45d5-7146-4049-9939-bafa1bdaa034.dev
TRANSFORMMATRIX=0,1,0,0,-1,0,0,0,0,0,1,0,159700.000219727,148354.202017945,24845.887151626,1
SUBDEVICES.NUM=0
SUBLOGICALMODELS.NUM=0
