ENTITYNAME=F4System
SYSCLASSIFYNAME=&其他
BASEFAMILY=646dc6fc-bba4-471a-a75b-e7a5cb86bde2-0042c63d.fam
OBJECTMODELPOINTER=419e824d-729f-4f30-b418-c7d62bab95e3.dev
TRANSFORMMATRIX=0,-1,0,0,1,0,0,0,0,0,1,0,178999.999150947,161842.923782243,24920.6297108433,1
SUBDEVICES.NUM=0
SUBLOGICALMODELS.NUM=0
