ENTITYNAME=F4System
SYSCLASSIFYNAME=&其他
BASEFAMILY=646dc6fc-bba4-471a-a75b-e7a5cb86bde2-00429907.fam
OBJECTMODELPOINTER=16b29866-9987-4a15-8b50-e33fe1e89b6b.dev
TRANSFORMMATRIX=1,0,0,0,0,1,0,0,0,0,1,0,142720.175542688,153999.999999973,16171.8162436972,1
SUBDEVICES.NUM=0
SUBLOGICALMODELS.NUM=0
