ENTITYNAME=F4System
SYSCLASSIFYNAME=&其他
BASEFAMILY=646dc6fc-bba4-471a-a75b-e7a5cb86bde2-00429827.fam
OBJECTMODELPOINTER=78ec7e9b-4570-402a-b96c-8ff6af807312.dev
TRANSFORMMATRIX=1,0,0,0,0,1,0,0,0,0,1,0,115720.175542935,147499.999999973,16171.8162436972,1
SUBDEVICES.NUM=0
SUBLOGICALMODELS.NUM=0
