ENTITYNAME=F4System
SYSCLASSIFYNAME=M_K_
BASEFAMILY=47c2e859-18e6-41f4-a4af-de173013a18e-0040a16c.fam
OBJECTMODELPOINTER=709390ca-1346-4cb0-861e-d536d3926996.dev
TRANSFORMMATRIX=-0.999999996352026,-8.54163197915942E-05,0,0,8.54163197915942E-05,-0.999999996352026,0,0,0,0,1,0,90500.700836877,179537.850507809,22352.923886595,1
SUBDEVICES.NUM=0
SUBLOGICALMODELS.NUM=0
