ENTITYNAME=F4System
SYSCLASSIFYNAME=M_K_
BASEFAMILY=47c2e859-18e6-41f4-a4af-de173013a18e-00408a91.fam
OBJECTMODELPOINTER=709390ca-1346-4cb0-861e-d536d3926996.dev
TRANSFORMMATRIX=-0.000128070342205015,0.999999991798994,0,0,-0.999999991798994,-0.000128070342205015,0,0,0,0,1,0,113922.997288168,179500.27432893,28987.6275641839,1
SUBDEVICES.NUM=0
SUBLOGICALMODELS.NUM=0
