ENTITYNAME=F4System
SYSCLASSIFYNAME=M_K_
BASEFAMILY=47c2e859-18e6-41f4-a4af-de173013a18e-00408aab.fam
OBJECTMODELPOINTER=709390ca-1346-4cb0-861e-d536d3926996.dev
TRANSFORMMATRIX=-6.86688284932266E-05,0.999999997642296,0,0,-0.999999997642296,-6.86688284932266E-05,0,0,0,0,1,0,106817.589089034,186999.494313402,29964.5756276966,1
SUBDEVICES.NUM=0
SUBLOGICALMODELS.NUM=0
