ENTITYNAME=F4System
SYSCLASSIFYNAME=&其他
BASEFAMILY=646dc6fc-bba4-471a-a75b-e7a5cb86bde2-00429862.fam
OBJECTMODELPOINTER=3ddbeebc-e21d-4ef1-9f82-4d37d7a92e58.dev
TRANSFORMMATRIX=1,0,0,0,0,1,0,0,0,0,1,0,142720.175542688,188999.999999973,16171.8162436972,1
SUBDEVICES.NUM=0
SUBLOGICALMODELS.NUM=0
