ENTITYNAME=F4System
SYSCLASSIFYNAME=M_G_
BASEFAMILY=9343c703-1025-4d3d-8f19-27d63020bb62-003e9f7d.fam
OBJECTMODELPOINTER=70d49279-e0f4-4141-a06c-135b0d1cbc45.dev
TRANSFORMMATRIX=1,0,0,0,0,1,0,0,0,0,1,0,161906.496666667,107499.999999999,6646.785,1
SUBDEVICES.NUM=0
SUBLOGICALMODELS.NUM=0
