ENTITYNAME=F4System
SYSCLASSIFYNAME=&其他
BASEFAMILY=204be4ec-3d00-4333-9e4c-f4bd8266df9c-003e7ca9.fam
OBJECTMODELPOINTER=4b484cbd-39f8-4f78-a62f-d86fe6c5212a.dev
TRANSFORMMATRIX=1,0,0,0,0,1,0,0,0,0,1,0,216894.607217815,195499.999999842,15822.3784415925,1
SUBDEVICES.NUM=0
SUBLOGICALMODELS.NUM=0
