ENTITYNAME=F4System
SYSCLASSIFYNAME=M_K_
BASEFAMILY=230edf89-3a86-4af1-a39c-9ac227c5314b-0049797b.fam
OBJECTMODELPOINTER=50fd9bfd-e884-4168-b814-5e4380f3fd52.dev
TRANSFORMMATRIX=0.941278482722729,-0.33763118630126,0,0,0.33763118630126,0.941278482722729,0,0,0,0,1,0,164239.96327315,113629.913997431,12770.2244057147,1
SUBDEVICES.NUM=0
SUBLOGICALMODELS.NUM=0
