ENTITYNAME=F4System
SYSCLASSIFYNAME=M_K_
BASEFAMILY=230edf89-3a86-4af1-a39c-9ac227c5314b-004978be.fam
OBJECTMODELPOINTER=709390ca-1346-4cb0-861e-d536d3926996.dev
TRANSFORMMATRIX=0.987744425878054,-0.156079944729725,0,0,0.156079944729725,0.987744425878054,0,0,0,0,1,0,152020.794664447,111516.743546557,18416.0978444651,1
SUBDEVICES.NUM=0
SUBLOGICALMODELS.NUM=0
