ENTITYNAME=F4System
SYSCLASSIFYNAME=M_G_
BASEFAMILY=20728f02-e3f7-4efe-b266-8d1b73e4b113-0043ecb3.fam
OBJECTMODELPOINTER=0c106a07-a9d2-4c13-a60f-f55e5ad04689.dev
TRANSFORMMATRIX=0,-1,0,0,1,0,0,0,0,0,1,0,124999.964991553,186575.509415536,24389.1486055204,1
SUBDEVICES.NUM=0
SUBLOGICALMODELS.NUM=0
