ENTITYNAME=F4System
SYSCLASSIFYNAME=M_K_
BASEFAMILY=20728f02-e3f7-4efe-b266-8d1b73e4b113-0043ec6b.fam
OBJECTMODELPOINTER=33b47d81-5060-4ed5-a35b-7eef81617278.dev
TRANSFORMMATRIX=0.828174431195274,-0.560470437681046,0,0,0.560470437681046,0.828174431195274,0,0,0,0,1,0,131375.443328963,180480.61085182,28714.4081465217,1
SUBDEVICES.NUM=0
SUBLOGICALMODELS.NUM=0
