ENTITYNAME=F4System
SYSCLASSIFYNAME=M_F_
BASEFAMILY=47c2e859-18e6-41f4-a4af-de173013a18e-00412bf7.fam
OBJECTMODELPOINTER=4c9da82b-1a13-439b-ade9-0e0a43ec015c.dev
TRANSFORMMATRIX=-4.53891253992533E-05,-0.999999998969914,0,0,0.999999998969914,-4.53891253992533E-05,0,0,0,0,1,0,132298.987066784,174706.885366662,19935.224401161,1
SUBDEVICES.NUM=0
SUBLOGICALMODELS.NUM=0
