ENTITYNAME=F4System
SYSCLASSIFYNAME=M_K_
BASEFAMILY=230edf89-3a86-4af1-a39c-9ac227c5314b-00497a87.fam
OBJECTMODELPOINTER=4ed18ed8-9d27-4771-b33a-812b1c46e3f6.dev
TRANSFORMMATRIX=-0.566598292337878,-0.823994159639376,0,0,0.823994159639376,-0.566598292337878,0,0,0,0,1,0,174523.670011567,122808.787160278,14925.4277658987,1
SUBDEVICES.NUM=0
SUBLOGICALMODELS.NUM=0
