ENTITYNAME=F4System
SYSCLASSIFYNAME=M_K_
BASEFAMILY=881bee2c-8af7-40d2-a7df-2f657407b22b-004977f1.fam
OBJECTMODELPOINTER=8f0b5135-a567-43dd-95ad-f3d02aa8403a.dev
TRANSFORMMATRIX=0.999965741214467,-0.00827746322264371,0,0,0.00827746322264371,0.999965741214467,0,0,0,0,1,0,151801.789992063,90185.3154697804,17407.8118164019,1
SUBDEVICES.NUM=0
SUBLOGICALMODELS.NUM=0
