ENTITYNAME=F4System
SYSCLASSIFYNAME=M_K_
BASEFAMILY=02cd4ac8-363f-40da-8850-bb5c724bd1f8-004ab532.fam
OBJECTMODELPOINTER=50fd9bfd-e884-4168-b814-5e4380f3fd52.dev
TRANSFORMMATRIX=-0.943016071636498,-0.332747184263469,0,0,0.332747184263469,-0.943016071636498,0,0,0,0,1,0,171634.134980548,148571.645089862,21497.9890367302,1
SUBDEVICES.NUM=0
SUBLOGICALMODELS.NUM=0
