ENTITYNAME=F4System
SYSCLASSIFYNAME=M_K_
BASEFAMILY=230edf89-3a86-4af1-a39c-9ac227c5314b-00497a29.fam
OBJECTMODELPOINTER=7d578eda-1007-47d6-be80-68a5c002d7ce.dev
TRANSFORMMATRIX=0.885798737543304,-0.464069603148805,0,0,0.464069603148805,0.885798737543304,0,0,0,0,1,0,176940.211217815,115267.162425006,9413.46451791372,1
SUBDEVICES.NUM=0
SUBLOGICALMODELS.NUM=0
