ENTITYNAME=F4System
SYSCLASSIFYNAME=M_K_
BASEFAMILY=230edf89-3a86-4af1-a39c-9ac227c5314b-00497997.fam
OBJECTMODELPOINTER=7d578eda-1007-47d6-be80-68a5c002d7ce.dev
TRANSFORMMATRIX=0.944993590131793,-0.327088848189335,0,0,0.327088848189335,0.944993590131793,0,0,0,0,1,0,164885.700185398,114954.603743633,10094.9339063881,1
SUBDEVICES.NUM=0
SUBLOGICALMODELS.NUM=0
