ENTITYNAME=F4System
SYSCLASSIFYNAME=M_G_
BASEFAMILY=20728f02-e3f7-4efe-b266-8d1b73e4b113-0043de51.fam
OBJECTMODELPOINTER=7a37506e-7ea1-413a-893c-50d2384dad4c.dev
TRANSFORMMATRIX=-1,0,0,0,0,-1,0,0,0,0,1,0,138501.490689822,147498.443771564,8683.82102768041,1
SUBDEVICES.NUM=0
SUBLOGICALMODELS.NUM=0
