ENTITYNAME=F4System
SYSCLASSIFYNAME=M_F_
BASEFAMILY=47c2e859-18e6-41f4-a4af-de173013a18e-00412c99.fam
OBJECTMODELPOINTER=4c9da82b-1a13-439b-ade9-0e0a43ec015c.dev
TRANSFORMMATRIX=-0.000251999572533412,0.999999968248107,0,0,-0.999999968248107,-0.000251999572533412,0,0,0,0,1,0,105298.987066784,168306.885366662,19935.224401161,1
SUBDEVICES.NUM=0
SUBLOGICALMODELS.NUM=0
