ENTITYNAME=F4System
SYSCLASSIFYNAME=M_G_
BASEFAMILY=43803cdb-2e0d-45cd-b17b-8524a6134ffe-004a118b.fam
OBJECTMODELPOINTER=61433d32-f594-4529-a206-11a331bff506.dev
TRANSFORMMATRIX=0,1,0,0,-1,0,0,0,0,0,1,0,159750,97455.0483333328,4811.99667777778,1
SUBDEVICES.NUM=0
SUBLOGICALMODELS.NUM=0
