ENTITYNAME=F4System
SYSCLASSIFYNAME=M_H_
BASEFAMILY=20728f02-e3f7-4efe-b266-8d1b73e4b113-0043eb31.fam
OBJECTMODELPOINTER=74f449fd-03e6-4c94-bdf1-f5b23a79c6c6.dev
TRANSFORMMATRIX=-0.999999924317377,0.000389056860949023,0,0,-0.000389056860949023,-0.999999924317377,0,0,0,0,1,0,53408.10149114,179500.436120157,9339.45291415677,1
SUBDEVICES.NUM=0
SUBLOGICALMODELS.NUM=0
