ENTITYNAME=F4System
SYSCLASSIFYNAME=M_K_
BASEFAMILY=02cd4ac8-363f-40da-8850-bb5c724bd1f8-004ab590.fam
OBJECTMODELPOINTER=50fd9bfd-e884-4168-b814-5e4380f3fd52.dev
TRANSFORMMATRIX=-0.149273547648143,-0.988795938489099,0,0,0.988795938489099,-0.149273547648143,0,0,0,0,1,0,186420.968568731,160607.550498134,19856.6093959497,1
SUBDEVICES.NUM=0
SUBLOGICALMODELS.NUM=0
