ENTITYNAME=F4System
SYSCLASSIFYNAME=&其他
BASEFAMILY=646dc6fc-bba4-471a-a75b-e7a5cb86bde2-0042c4c0.fam
OBJECTMODELPOINTER=7c5b4357-c660-4190-bcda-dac8f8d76734.dev
TRANSFORMMATRIX=0,1,0,0,-1,0,0,0,0,0,1,0,198499.999532741,147907.072661944,24920.6297108433,1
SUBDEVICES.NUM=0
SUBLOGICALMODELS.NUM=0
