ENTITYNAME=F4System
SYSCLASSIFYNAME=&其他
BASEFAMILY=646dc6fc-bba4-471a-a75b-e7a5cb86bde2-00429593.fam
OBJECTMODELPOINTER=4669316c-1620-4b09-a5ba-9508adbcb1a7.dev
TRANSFORMMATRIX=1,0,0,0,0,1,0,0,0,0,1,0,59720.1738130838,182499.999999973,16171.8162272817,1
SUBDEVICES.NUM=0
SUBLOGICALMODELS.NUM=0
