ENTITYNAME=F4System
SYSCLASSIFYNAME=&其他
BASEFAMILY=646dc6fc-bba4-471a-a75b-e7a5cb86bde2-0042c7ec.fam
OBJECTMODELPOINTER=6f0cb0bb-965e-4780-9292-29767b875911.dev
TRANSFORMMATRIX=1,0,0,0,0,1,0,0,0,0,1,0,62364.9953061829,194499.997705078,31969.1368843908,1
SUBDEVICES.NUM=0
SUBLOGICALMODELS.NUM=0
