ENTITYNAME=F4System
SYSCLASSIFYNAME=M_K_
BASEFAMILY=881bee2c-8af7-40d2-a7df-2f657407b22b-004977e8.fam
OBJECTMODELPOINTER=8f0b5135-a567-43dd-95ad-f3d02aa8403a.dev
TRANSFORMMATRIX=0.999965741214469,-0.00827746322235855,0,0,0.00827746322235855,0.999965741214469,0,0,0,0,1,0,151584.14407975,63892.4223235935,17645.3825881978,1
SUBDEVICES.NUM=0
SUBLOGICALMODELS.NUM=0
