ENTITYNAME=F4System
SYSCLASSIFYNAME=M_K_
BASEFAMILY=02cd4ac8-363f-40da-8850-bb5c724bd1f8-004a9f72.fam
OBJECTMODELPOINTER=709390ca-1346-4cb0-861e-d536d3926996.dev
TRANSFORMMATRIX=0.761316676013736,-0.648380227045363,0,0,0.648380227045363,0.761316676013736,0,0,0,0,1,0,171147.832575773,183073.131184919,11915.3992922339,1
SUBDEVICES.NUM=0
SUBLOGICALMODELS.NUM=0
