ENTITYNAME=F4System
SYSCLASSIFYNAME=M_K_
BASEFAMILY=230edf89-3a86-4af1-a39c-9ac227c5314b-00497974.fam
OBJECTMODELPOINTER=4170d6df-968b-4253-a536-a40131d0ba18.dev
TRANSFORMMATRIX=0.940748657576468,-0.339104649434467,0,0,0.339104649434467,0.940748657576468,0,0,0,0,1,0,164104.581128369,113379.196714557,13344.7831076086,1
SUBDEVICES.NUM=0
SUBLOGICALMODELS.NUM=0
