ENTITYNAME=F4System
SYSCLASSIFYNAME=M_K_
BASEFAMILY=881bee2c-8af7-40d2-a7df-2f657407b22b-00497554.fam
OBJECTMODELPOINTER=8f0b5135-a567-43dd-95ad-f3d02aa8403a.dev
TRANSFORMMATRIX=0.965119262907371,-0.26181063455317,0,0,0.26181063455317,0.965119262907371,0,0,0,0,1,0,168035.153323346,88588.7623242057,17317.4299645598,1
SUBDEVICES.NUM=0
SUBLOGICALMODELS.NUM=0
