ENTITYNAME=F4System
SYSCLASSIFYNAME=M_K_
BASEFAMILY=230edf89-3a86-4af1-a39c-9ac227c5314b-00497b23.fam
OBJECTMODELPOINTER=5f1daa10-d658-4588-9294-eb14f4c36aee.dev
TRANSFORMMATRIX=-0.699008207855161,-0.715113645060081,0,0,0.715113645060081,-0.699008207855161,0,0,0,0,1,0,164370.351416242,121890.312607127,12586.8092177354,1
SUBDEVICES.NUM=0
SUBLOGICALMODELS.NUM=0
