ENTITYNAME=F4System
SYSCLASSIFYNAME=M_K_
BASEFAMILY=881bee2c-8af7-40d2-a7df-2f657407b22b-0049786b.fam
OBJECTMODELPOINTER=8f0b5135-a567-43dd-95ad-f3d02aa8403a.dev
TRANSFORMMATRIX=0.874359810786838,0.485278189578726,0,0,-0.485278189578726,0.874359810786838,0,0,0,0,1,0,159089.831070293,127825.754625862,20782.0780301016,1
SUBDEVICES.NUM=0
SUBLOGICALMODELS.NUM=0
