ENTITYNAME=F4System
SYSCLASSIFYNAME=M_K_
BASEFAMILY=230edf89-3a86-4af1-a39c-9ac227c5314b-00497b31.fam
OBJECTMODELPOINTER=588c6906-55af-4074-9bc4-741af79f72fc.dev
TRANSFORMMATRIX=-0.702759672647197,-0.711427327631435,0,0,0.711427327631435,-0.702759672647197,0,0,0,0,1,0,164954.984886331,121388.014234266,11291.3843212706,1
SUBDEVICES.NUM=0
SUBLOGICALMODELS.NUM=0
