ENTITYNAME=F4System
SYSCLASSIFYNAME=M_K_
BASEFAMILY=230edf89-3a86-4af1-a39c-9ac227c5314b-00497aaa.fam
OBJECTMODELPOINTER=588c6906-55af-4074-9bc4-741af79f72fc.dev
TRANSFORMMATRIX=-0.584565839672118,-0.81134627569764,0,0,0.81134627569764,-0.584565839672118,0,0,0,0,1,0,176595.89645499,121561.817821142,11962.2357120864,1
SUBDEVICES.NUM=0
SUBLOGICALMODELS.NUM=0
