ENTITYNAME=F4System
SYSCLASSIFYNAME=M_K_
BASEFAMILY=47c2e859-18e6-41f4-a4af-de173013a18e-00408b07.fam
OBJECTMODELPOINTER=709390ca-1346-4cb0-861e-d536d3926996.dev
TRANSFORMMATRIX=-0.000127898614852381,0.999999991820972,0,0,-0.999999991820972,-0.000127898614852381,0,0,0,0,1,0,194948.573737347,164000.272925609,29038.6823773233,1
SUBDEVICES.NUM=0
SUBLOGICALMODELS.NUM=0
