ENTITYNAME=F4System
SYSCLASSIFYNAME=M_K_
BASEFAMILY=47c2e859-18e6-41f4-a4af-de173013a18e-00412ca2.fam
OBJECTMODELPOINTER=6d33e233-976b-4953-8816-52ba3fb1ca92.dev
TRANSFORMMATRIX=0.999999946635447,0.000326694203851419,0,0,-0.000326694203851419,0.999999946635447,0,0,0,0,1,0,105499.454514506,165260.766785117,21057.7921361963,1
SUBDEVICES.NUM=0
SUBLOGICALMODELS.NUM=0
