ENTITYNAME=F4System
SYSCLASSIFYNAME=M_H_
BASEFAMILY=20728f02-e3f7-4efe-b266-8d1b73e4b113-0043eaad.fam
OBJECTMODELPOINTER=74f449fd-03e6-4c94-bdf1-f5b23a79c6c6.dev
TRANSFORMMATRIX=-0.999999924317369,0.000389056881284754,0,0,-0.000389056881284754,-0.999999924317369,0,0,0,0,1,0,53406.2882148692,163500.436825624,9339.58696625882,1
SUBDEVICES.NUM=0
SUBLOGICALMODELS.NUM=0
