ENTITYNAME=F4System
SYSCLASSIFYNAME=&其他
BASEFAMILY=34cc799f-08e7-4ed9-b6ac-6c98ca5fb06f-002251b5.fam
OBJECTMODELPOINTER=3825dd17-48c1-406e-8eb1-da872bc687e9.dev
TRANSFORMMATRIX=1,0,0,0,0,1,0,0,0,0,1,0,124187.997035456,136698.156917879,-610,1
SUBDEVICES.NUM=0
SUBLOGICALMODELS.NUM=0
