ENTITYNAME=F4System
SYSCLASSIFYNAME=M_K_
BASEFAMILY=230edf89-3a86-4af1-a39c-9ac227c5314b-0049796d.fam
OBJECTMODELPOINTER=4170d6df-968b-4253-a536-a40131d0ba18.dev
TRANSFORMMATRIX=0.940602815803487,-0.339508973228324,0,0,0.339508973228324,0.940602815803487,0,0,0,0,1,0,163927.033501404,113069.814804493,14155.3441261949,1
SUBDEVICES.NUM=0
SUBLOGICALMODELS.NUM=0
