ENTITYNAME=F4System
SYSCLASSIFYNAME=M_K_
BASEFAMILY=02cd4ac8-363f-40da-8850-bb5c724bd1f8-004ab62d.fam
OBJECTMODELPOINTER=709390ca-1346-4cb0-861e-d536d3926996.dev
TRANSFORMMATRIX=-0.999999545176179,-0.000953754389252074,0,0,0.000953754389252074,-0.999999545176179,0,0,0,0,1,0,178999.581113849,167900.284341148,14629.8903398452,1
SUBDEVICES.NUM=0
SUBLOGICALMODELS.NUM=0
