ENTITYNAME=F4System
SYSCLASSIFYNAME=M_K_
BASEFAMILY=02cd4ac8-363f-40da-8850-bb5c724bd1f8-004a9f53.fam
OBJECTMODELPOINTER=6d33e233-976b-4953-8816-52ba3fb1ca92.dev
TRANSFORMMATRIX=-0.995303089192041,0.0968078542515036,0,0,-0.0968078542515036,-0.995303089192041,0,0,0,0,1,0,186950.835748652,188122.15336999,12016.0338688315,1
SUBDEVICES.NUM=0
SUBLOGICALMODELS.NUM=0
