ENTITYNAME=F4System
SYSCLASSIFYNAME=M_G_
BASEFAMILY=20728f02-e3f7-4efe-b266-8d1b73e4b113-0043ebc0.fam
OBJECTMODELPOINTER=71e6cb1f-a261-45b9-b59c-90b94f8fcd99.dev
TRANSFORMMATRIX=0.999999967886505,0.000253430440972311,0,0,-0.000253430440972311,0.999999967886505,0,0,0,0,1,0,54806.9555357946,194498.670461719,28022.7231849807,1
SUBDEVICES.NUM=0
SUBLOGICALMODELS.NUM=0
