ENTITYNAME=F4System
SYSCLASSIFYNAME=G_B_
BASEFAMILY=881bee2c-8af7-40d2-a7df-2f657407b22b-004968e6.fam
OBJECTMODELPOINTER=716e2645-b412-4e87-ac43-7198445dc301.dev
TRANSFORMMATRIX=0,-1,0,0,1,0,0,0,0,0,1,0,167749.999999999,67000.0236805608,0,1
SUBDEVICES.NUM=0
SUBLOGICALMODELS.NUM=0
