ENTITYNAME=F4System
SYSCLASSIFYNAME=M_H_
BASEFAMILY=20728f02-e3f7-4efe-b266-8d1b73e4b113-0043ebb1.fam
OBJECTMODELPOINTER=4f537ae8-19af-4f4e-85f6-b083113d1798.dev
TRANSFORMMATRIX=0.999999967078301,0.000256599682371478,0,0,-0.000256599682371478,0.999999967078301,0,0,0,0,1,0,54804.4501358425,194498.703166618,28164.5996944178,1
SUBDEVICES.NUM=0
SUBLOGICALMODELS.NUM=0
