ENTITYNAME=F4System
SYSCLASSIFYNAME=&其他
BASEFAMILY=646dc6fc-bba4-471a-a75b-e7a5cb86bde2-0042bdc7.fam
OBJECTMODELPOINTER=413db4ec-5758-4dee-848f-26f88aca639c.dev
TRANSFORMMATRIX=0,1,0,0,-1,0,0,0,0,0,1,0,90499.9995327282,181157.070946256,24920.6299449757,1
SUBDEVICES.NUM=0
SUBLOGICALMODELS.NUM=0
