ENTITYNAME=F4System
SYSCLASSIFYNAME=M_K_
BASEFAMILY=20728f02-e3f7-4efe-b266-8d1b73e4b113-004442c1.fam
OBJECTMODELPOINTER=808fc5e9-9c05-44a5-bd0b-9d801089519b.dev
TRANSFORMMATRIX=-0.999999988498158,0.000151669655504757,0,0,-0.000151669655504757,-0.999999988498158,0,0,0,0,1,0,191995.214420622,1271.7863378566,17126.9851485177,1
SUBDEVICES.NUM=0
SUBLOGICALMODELS.NUM=0
