ENTITYNAME=F4System
SYSCLASSIFYNAME=&其他
BASEFAMILY=646dc6fc-bba4-471a-a75b-e7a5cb86bde2-0042c241.fam
OBJECTMODELPOINTER=7c3bf703-415f-4ca7-aafe-62daed883b16.dev
TRANSFORMMATRIX=0,-1,0,0,1,0,0,0,0,0,1,0,151999.998330378,161842.92378211,24920.6297108433,1
SUBDEVICES.NUM=0
SUBLOGICALMODELS.NUM=0
