ENTITYNAME=F4System
SYSCLASSIFYNAME=M_K_
BASEFAMILY=20728f02-e3f7-4efe-b266-8d1b73e4b113-0044434a.fam
OBJECTMODELPOINTER=808fc5e9-9c05-44a5-bd0b-9d801089519b.dev
TRANSFORMMATRIX=-0.999999988498158,0.000151669655740568,0,0,-0.000151669655740568,-0.999999988498158,0,0,0,0,1,0,141994.371944195,-4282.89376035562,17699.0494883604,1
SUBDEVICES.NUM=0
SUBLOGICALMODELS.NUM=0
