ENTITYNAME=F4System
SYSCLASSIFYNAME=M_K_
BASEFAMILY=881bee2c-8af7-40d2-a7df-2f657407b22b-00497553.fam
OBJECTMODELPOINTER=8f0b5135-a567-43dd-95ad-f3d02aa8403a.dev
TRANSFORMMATRIX=0.965119262907483,-0.261810634552755,0,0,0.261810634552755,0.965119262907483,0,0,0,0,1,0,167415.24879156,86303.5923355556,17218.2220077731,1
SUBDEVICES.NUM=0
SUBLOGICALMODELS.NUM=0
