ENTITYNAME=F4System
SYSCLASSIFYNAME=M_K_
BASEFAMILY=20728f02-e3f7-4efe-b266-8d1b73e4b113-0043ed17.fam
OBJECTMODELPOINTER=33b47d81-5060-4ed5-a35b-7eef81617278.dev
TRANSFORMMATRIX=-0.22530953615331,0.974287233272807,0,0,-0.974287233272807,-0.22530953615331,0,0,0,0,1,0,118596.068114482,194314.873844529,28551.7928512458,1
SUBDEVICES.NUM=0
SUBLOGICALMODELS.NUM=0
