ENTITYNAME=F4System
SYSCLASSIFYNAME=M_K_
BASEFAMILY=20728f02-e3f7-4efe-b266-8d1b73e4b113-0043e772.fam
OBJECTMODELPOINTER=5d278bed-3290-44fb-9ebb-ff2209033389.dev
TRANSFORMMATRIX=-0.0936441057148689,0.995605735954179,0,0,-0.995605735954179,-0.0936441057148689,0,0,0,0,1,0,58160.2923210363,164206.827106195,28764.541347406,1
SUBDEVICES.NUM=0
SUBLOGICALMODELS.NUM=0
