ENTITYNAME=F4System
SYSCLASSIFYNAME=M_K_
BASEFAMILY=47c2e859-18e6-41f4-a4af-de173013a18e-004089e6.fam
OBJECTMODELPOINTER=709390ca-1346-4cb0-861e-d536d3926996.dev
TRANSFORMMATRIX=-6.80516744911547E-05,0.999999997684485,0,0,-0.999999997684485,-6.80516744911547E-05,0,0,0,0,1,0,79792.323279572,194499.491577625,30026.7467770344,1
SUBDEVICES.NUM=0
SUBLOGICALMODELS.NUM=0
