ENTITYNAME=F4System
SYSCLASSIFYNAME=M_K_
BASEFAMILY=230edf89-3a86-4af1-a39c-9ac227c5314b-00497ae4.fam
OBJECTMODELPOINTER=588c6906-55af-4074-9bc4-741af79f72fc.dev
TRANSFORMMATRIX=-0.698275118372769,-0.715829490215019,0,0,0.715829490215019,-0.698275118372769,0,0,0,0,1,0,161393.401201708,124272.852903078,18186.1951078516,1
SUBDEVICES.NUM=0
SUBLOGICALMODELS.NUM=0
