ENTITYNAME=F4System
SYSCLASSIFYNAME=M_G_
BASEFAMILY=47c2e859-18e6-41f4-a4af-de173013a18e-0041bc24.fam
OBJECTMODELPOINTER=2a29fe0e-5ceb-4375-a3a0-b570df109e86.dev
TRANSFORMMATRIX=0,-1,0,0,1,0,0,0,0,0,1,0,179000.031669081,153842.866279809,24080.2332256742,1
SUBDEVICES.NUM=0
SUBLOGICALMODELS.NUM=0
