ENTITYNAME=F4System
SYSCLASSIFYNAME=M_K_
BASEFAMILY=230edf89-3a86-4af1-a39c-9ac227c5314b-00497b00.fam
OBJECTMODELPOINTER=4ed18ed8-9d27-4771-b33a-812b1c46e3f6.dev
TRANSFORMMATRIX=-0.68614350920173,-0.727466208686242,0,0,0.727466208686242,-0.68614350920173,0,0,0,0,1,0,162588.858968017,123351.886347736,15573.5790821364,1
SUBDEVICES.NUM=0
SUBLOGICALMODELS.NUM=0
