ENTITYNAME=F4System
SYSCLASSIFYNAME=&其他
BASEFAMILY=646dc6fc-bba4-471a-a75b-e7a5cb86bde2-004299c5.fam
OBJECTMODELPOINTER=87b3c03b-21d9-4ad3-91ae-875d4b82beb1.dev
TRANSFORMMATRIX=-1,0,0,0,0,-1,0,0,0,0,1,0,188279.832592102,189000.000000677,16171.8162436972,1
SUBDEVICES.NUM=0
SUBLOGICALMODELS.NUM=0
