ENTITYNAME=F4System
SYSCLASSIFYNAME=M_G_
BASEFAMILY=9343c703-1025-4d3d-8f19-27d63020bb62-003e9343.fam
OBJECTMODELPOINTER=256d27ce-4973-49f7-8bef-d8dbe831aedb.dev
TRANSFORMMATRIX=0,1,0,0,-1,0,0,0,0,0,1,0,162642.997391194,115315.860369433,5438.96666666667,1
SUBDEVICES.NUM=0
SUBLOGICALMODELS.NUM=0
