ENTITYNAME=F4System
SYSCLASSIFYNAME=&其他
BASEFAMILY=646dc6fc-bba4-471a-a75b-e7a5cb86bde2-0042c395.fam
OBJECTMODELPOINTER=7694f876-a2eb-4d52-889f-f9018ed7a660.dev
TRANSFORMMATRIX=0,-1,0,0,1,0,0,0,0,0,1,0,198499.999532741,195092.928290601,24920.6299449757,1
SUBDEVICES.NUM=0
SUBLOGICALMODELS.NUM=0
