ENTITYNAME=F4System
SYSCLASSIFYNAME=&其他
BASEFAMILY=646dc6fc-bba4-471a-a75b-e7a5cb86bde2-0042cb7c.fam
OBJECTMODELPOINTER=0b581bdc-c246-4510-8565-6678f408e05a.dev
TRANSFORMMATRIX=-1,0,0,0,0,-1,0,0,0,0,1,0,131647.075548017,194499.997705078,31896.0982030093,1
SUBDEVICES.NUM=0
SUBLOGICALMODELS.NUM=0
