ENTITYNAME=F4System
SYSCLASSIFYNAME=M_K_
BASEFAMILY=913143de-76d0-4d80-85fc-b4b6695ec456-004526f1.fam
OBJECTMODELPOINTER=9a7723c9-c048-40c2-8d5c-62610d4ffc9f.dev
TRANSFORMMATRIX=-0.999870459157481,-0.0160954932887611,0,0,0.0160954932887611,-0.999870459157481,0,0,0,0,1,0,109174.477917323,18623.4565597428,10278.208785008,1
SUBDEVICES.NUM=0
SUBLOGICALMODELS.NUM=0
