ENTITYNAME=F4System
SYSCLASSIFYNAME=M_K_
BASEFAMILY=881bee2c-8af7-40d2-a7df-2f657407b22b-00497859.fam
OBJECTMODELPOINTER=8f0b5135-a567-43dd-95ad-f3d02aa8403a.dev
TRANSFORMMATRIX=0.795174907682017,0.606380133408818,0,0,-0.606380133408818,0.795174907682017,0,0,0,0,1,0,169885.264656616,126981.307497914,20661.6157500694,1
SUBDEVICES.NUM=0
SUBLOGICALMODELS.NUM=0
