ENTITYNAME=F4System
SYSCLASSIFYNAME=M_H_
BASEFAMILY=913143de-76d0-4d80-85fc-b4b6695ec456-0045282d.fam
OBJECTMODELPOINTER=2b67db48-7e1f-41c5-8452-d6f66f0fee87.dev
TRANSFORMMATRIX=0.0153944557817532,0.999881498344271,0,0,-0.999881498344271,0.0153944557817532,0,0,0,0,1,0,102854.461301819,18770.6241445103,9903.22175682357,1
SUBDEVICES.NUM=0
SUBLOGICALMODELS.NUM=0
