ENTITYNAME=F4System
SYSCLASSIFYNAME=M_H_
BASEFAMILY=20728f02-e3f7-4efe-b266-8d1b73e4b113-0043edb2.fam
OBJECTMODELPOINTER=10e5b5d7-06ca-40e0-a8d9-2306b1d7f117.dev
TRANSFORMMATRIX=0,1,0,0,-1,0,0,0,0,0,1,0,97999.9983303793,157659.146463637,24344.3587953577,1
SUBDEVICES.NUM=0
SUBLOGICALMODELS.NUM=0
