ENTITYNAME=F4System
SYSCLASSIFYNAME=M_K_
BASEFAMILY=47c2e859-18e6-41f4-a4af-de173013a18e-00408734.fam
OBJECTMODELPOINTER=6d33e233-976b-4953-8816-52ba3fb1ca92.dev
TRANSFORMMATRIX=0,1,0,0,-1,0,0,0,0,0,1,0,97886.9154252866,186999.999700213,31200.2801568327,1
SUBDEVICES.NUM=0
SUBLOGICALMODELS.NUM=0
