ENTITYNAME=F4System
SYSCLASSIFYNAME=M_K_
BASEFAMILY=881bee2c-8af7-40d2-a7df-2f657407b22b-004976a5.fam
OBJECTMODELPOINTER=8f0b5135-a567-43dd-95ad-f3d02aa8403a.dev
TRANSFORMMATRIX=0.99037228438453,-0.13842954281138,0,0,0.13842954281138,0.99037228438453,0,0,0,0,1,0,160953.682209305,96042.2899817998,17855.7762279552,1
SUBDEVICES.NUM=0
SUBLOGICALMODELS.NUM=0
