ENTITYNAME=F4System
SYSCLASSIFYNAME=M_K_
BASEFAMILY=47c2e859-18e6-41f4-a4af-de173013a18e-00408553.fam
OBJECTMODELPOINTER=709390ca-1346-4cb0-861e-d536d3926996.dev
TRANSFORMMATRIX=-1,0,0,0,0,-1,0,0,0,0,1,0,171499.999560547,151903.521817325,24362.8270996131,1
SUBDEVICES.NUM=0
SUBLOGICALMODELS.NUM=0
