ENTITYNAME=F4System
SYSCLASSIFYNAME=M_G_
BASEFAMILY=43803cdb-2e0d-45cd-b17b-8524a6134ffe-004a11db.fam
OBJECTMODELPOINTER=61433d32-f594-4529-a206-11a331bff506.dev
TRANSFORMMATRIX=-0.000717183905360907,-0.99999974282359,0,0,0.99999974282359,-0.000717183905360907,0,0,0,0,1,0,158251.941880214,102504.312083846,3462.5155530675,1
SUBDEVICES.NUM=0
SUBLOGICALMODELS.NUM=0
