ENTITYNAME=F4System
SYSCLASSIFYNAME=M_K_
BASEFAMILY=20728f02-e3f7-4efe-b266-8d1b73e4b113-00444391.fam
OBJECTMODELPOINTER=045815f9-8171-4c78-bdf5-c96e6f6896b5.dev
TRANSFORMMATRIX=-0.999999988498158,0.000151669655618444,0,0,-0.000151669655618444,-0.999999988498158,0,0,0,0,1,0,97496.4942894359,9634.08555416505,17306.1664093554,1
SUBDEVICES.NUM=0
SUBLOGICALMODELS.NUM=0
