ENTITYNAME=F4System
SYSCLASSIFYNAME=M_K_
BASEFAMILY=02cd4ac8-363f-40da-8850-bb5c724bd1f8-004a9f4c.fam
OBJECTMODELPOINTER=6d33e233-976b-4953-8816-52ba3fb1ca92.dev
TRANSFORMMATRIX=-0.995303089192049,0.0968078542514258,0,0,-0.0968078542514258,-0.995303089192049,0,0,0,0,1,0,187257.505317066,191275.091436473,12639.1018332794,1
SUBDEVICES.NUM=0
SUBLOGICALMODELS.NUM=0
