ENTITYNAME=F4System
SYSCLASSIFYNAME=&其他
BASEFAMILY=646dc6fc-bba4-471a-a75b-e7a5cb86bde2-0042c2c2.fam
OBJECTMODELPOINTER=16928027-5832-4a7e-9695-8d0b7ce78182.dev
TRANSFORMMATRIX=0,1,0,0,-1,0,0,0,0,0,1,0,144499.999532741,147907.072661944,24920.6297108433,1
SUBDEVICES.NUM=0
SUBLOGICALMODELS.NUM=0
