ENTITYNAME=F4System
SYSCLASSIFYNAME=&其他
BASEFAMILY=646dc6fc-bba4-471a-a75b-e7a5cb86bde2-0042bd1d.fam
OBJECTMODELPOINTER=8d6d676c-0886-4ea8-8297-bf8d093e0da9.dev
TRANSFORMMATRIX=0,1,0,0,-1,0,0,0,0,0,1,0,105500.000219727,181157.070946256,24920.6299449757,1
SUBDEVICES.NUM=0
SUBLOGICALMODELS.NUM=0
