ENTITYNAME=F4System
SYSCLASSIFYNAME=M_K_
BASEFAMILY=913143de-76d0-4d80-85fc-b4b6695ec456-00452b0d.fam
OBJECTMODELPOINTER=79de6ae2-9c53-460c-a37d-73637cc89c66.dev
TRANSFORMMATRIX=-0.999999353894777,0.00113675416363128,0,0,-0.00113675416363128,-0.999999353894777,0,0,0,0,1,0,97004.1448003615,39331.344729971,9169.7537452612,1
SUBDEVICES.NUM=0
SUBLOGICALMODELS.NUM=0
