ENTITYNAME=F4System
SYSCLASSIFYNAME=&其他
BASEFAMILY=646dc6fc-bba4-471a-a75b-e7a5cb86bde2-00429b9b.fam
OBJECTMODELPOINTER=9648d217-67b9-4b1f-87c4-ff373ab50fcd.dev
TRANSFORMMATRIX=1,0,0,0,0,1,0,0,0,0,1,0,196720.173813126,153999.999999972,16171.8162272817,1
SUBDEVICES.NUM=0
SUBLOGICALMODELS.NUM=0
