ENTITYNAME=F4System
SYSCLASSIFYNAME=M_K_
BASEFAMILY=47c2e859-18e6-41f4-a4af-de173013a18e-00408a1e.fam
OBJECTMODELPOINTER=709390ca-1346-4cb0-861e-d536d3926996.dev
TRANSFORMMATRIX=-6.80516748808984E-05,0.999999997684485,0,0,-0.999999997684485,-6.80516748808984E-05,0,0,0,0,1,0,79792.3232795771,149499.492886456,30026.7467770426,1
SUBDEVICES.NUM=0
SUBLOGICALMODELS.NUM=0
