ENTITYNAME=F4System
SYSCLASSIFYNAME=M_G_
BASEFAMILY=20728f02-e3f7-4efe-b266-8d1b73e4b113-0043ee0d.fam
OBJECTMODELPOINTER=7464920b-b24d-4885-927e-ba40be431717.dev
TRANSFORMMATRIX=0,-1,0,0,1,0,0,0,0,0,1,0,90500.0328714294,160787.478386504,24887.6708095917,1
SUBDEVICES.NUM=0
SUBLOGICALMODELS.NUM=0
