ENTITYNAME=F4System
SYSCLASSIFYNAME=M_G_
BASEFAMILY=20728f02-e3f7-4efe-b266-8d1b73e4b113-0043e9de.fam
OBJECTMODELPOINTER=71e6cb1f-a261-45b9-b59c-90b94f8fcd99.dev
TRANSFORMMATRIX=0.996549947831425,0.0829951894821837,0,0,-0.0829951894821837,0.996549947831425,0,0,0,0,1,0,54795.9062559604,148930.353378615,28023.4364642435,1
SUBDEVICES.NUM=0
SUBLOGICALMODELS.NUM=0
