ENTITYNAME=F4System
SYSCLASSIFYNAME=&其他
BASEFAMILY=646dc6fc-bba4-471a-a75b-e7a5cb86bde2-004295b0.fam
OBJECTMODELPOINTER=238bb456-4fab-44ce-971a-4bdac5c9450c.dev
TRANSFORMMATRIX=-1,0,0,0,0,-1,0,0,0,0,1,0,80279.8261868332,182499.99999984,16171.8162272817,1
SUBDEVICES.NUM=0
SUBLOGICALMODELS.NUM=0
