ENTITYNAME=F4System
SYSCLASSIFYNAME=&其他
BASEFAMILY=34cc799f-08e7-4ed9-b6ac-6c98ca5fb06f-002251a2.fam
OBJECTMODELPOINTER=7f16f071-a67b-4e02-a4d1-17cb74cf0940.dev
TRANSFORMMATRIX=1,0,0,0,0,1,0,0,0,0,1,0,37409.49594714,63909.6070448024,-610,1
SUBDEVICES.NUM=0
SUBLOGICALMODELS.NUM=0
