ENTITYNAME=F4System
SYSCLASSIFYNAME=M_F_
BASEFAMILY=02cd4ac8-363f-40da-8850-bb5c724bd1f8-004ab470.fam
OBJECTMODELPOINTER=016e23a9-a14a-486a-b258-72c38c25dd35.dev
TRANSFORMMATRIX=-4.53979229414481E-05,-0.999999998969514,0,0,0.999999998969514,-4.53979229414481E-05,0,0,0,0,1,0,171699.399582546,174706.885366662,19935.224401161,1
SUBDEVICES.NUM=0
SUBLOGICALMODELS.NUM=0
