ENTITYNAME=F4System
SYSCLASSIFYNAME=&其他
BASEFAMILY=646dc6fc-bba4-471a-a75b-e7a5cb86bde2-004296c1.fam
OBJECTMODELPOINTER=735dda4b-07a7-4dcb-9eac-4fbf1f2b73f6.dev
TRANSFORMMATRIX=-1,0,0,0,0,-1,0,0,0,0,1,0,107279.832591855,160500.000000677,16171.8162436972,1
SUBDEVICES.NUM=0
SUBLOGICALMODELS.NUM=0
