ENTITYNAME=F4System
SYSCLASSIFYNAME=M_K_
BASEFAMILY=230edf89-3a86-4af1-a39c-9ac227c5314b-00497a95.fam
OBJECTMODELPOINTER=082ea9ee-ff3e-486a-8532-e869821d1696.dev
TRANSFORMMATRIX=-0.573346337857607,-0.819313112836156,0,0,0.819313112836156,-0.573346337857607,0,0,0,0,1,0,175383.924454418,122305.263274498,13763.2063647263,1
SUBDEVICES.NUM=0
SUBLOGICALMODELS.NUM=0
