ENTITYNAME=F4System
SYSCLASSIFYNAME=M_K_
BASEFAMILY=230edf89-3a86-4af1-a39c-9ac227c5314b-00497b64.fam
OBJECTMODELPOINTER=588c6906-55af-4074-9bc4-741af79f72fc.dev
TRANSFORMMATRIX=-0.823659634427497,-0.56708447925751,0,0,0.56708447925751,-0.823659634427497,0,0,0,0,1,0,150337.088674197,124631.755177504,18096.6785971303,1
SUBDEVICES.NUM=0
SUBLOGICALMODELS.NUM=0
