ENTITYNAME=F4System
SYSCLASSIFYNAME=&其他
BASEFAMILY=646dc6fc-bba4-471a-a75b-e7a5cb86bde2-0042974b.fam
OBJECTMODELPOINTER=4b505580-7112-4973-bc33-b1ecfc87632a.dev
TRANSFORMMATRIX=1,0,0,0,0,1,0,0,0,0,1,0,115720.175542442,195499.999999973,16171.8162436972,1
SUBDEVICES.NUM=0
SUBLOGICALMODELS.NUM=0
