ENTITYNAME=F4System
SYSCLASSIFYNAME=M_K_
BASEFAMILY=230edf89-3a86-4af1-a39c-9ac227c5314b-0049794a.fam
OBJECTMODELPOINTER=4864fec2-a93c-455f-b594-0afd8f4501b8.dev
TRANSFORMMATRIX=0.947246363199755,-0.320506360942865,0,0,0.320506360942865,0.947246363199755,0,0,0,0,1,0,163284.719661013,111869.315975572,17721.2987435424,1
SUBDEVICES.NUM=0
SUBLOGICALMODELS.NUM=0
