ENTITYNAME=F4System
SYSCLASSIFYNAME=M_K_
BASEFAMILY=47c2e859-18e6-41f4-a4af-de173013a18e-00412c2b.fam
OBJECTMODELPOINTER=6d33e233-976b-4953-8816-52ba3fb1ca92.dev
TRANSFORMMATRIX=-0.999999996147235,-8.77811469918934E-05,0,0,8.77811469918934E-05,-0.999999996147235,0,0,0,0,1,0,159499.451698714,179537.846639522,22352.9251852235,1
SUBDEVICES.NUM=0
SUBLOGICALMODELS.NUM=0
