ENTITYNAME=F4System
SYSCLASSIFYNAME=&其他
BASEFAMILY=20728f02-e3f7-4efe-b266-8d1b73e4b113-0043e2e7.fam
OBJECTMODELPOINTER=8696e864-55a9-4073-9633-eae48030350d.dev
TRANSFORMMATRIX=-0.999999944885818,-0.000332006569060647,0,0,0.000332006569060647,-0.999999944885818,0,0,0,0,1,0,48818.6021385003,148497.932794831,30992.8838646367,1
SUBDEVICES.NUM=0
SUBLOGICALMODELS.NUM=0
