ENTITYNAME=F4System
SYSCLASSIFYNAME=M_K_
BASEFAMILY=47c2e859-18e6-41f4-a4af-de173013a18e-0041b82e.fam
OBJECTMODELPOINTER=6d33e233-976b-4953-8816-52ba3fb1ca92.dev
TRANSFORMMATRIX=0.999999947960492,0.000322612792019071,0,0,-0.000322612792019071,0.999999947960492,0,0,0,0,1,0,159500.121380589,163464.232992283,22354.7400587787,1
SUBDEVICES.NUM=0
SUBLOGICALMODELS.NUM=0
