ENTITYNAME=F4System
SYSCLASSIFYNAME=&其他
BASEFAMILY=646dc6fc-bba4-471a-a75b-e7a5cb86bde2-0042cf41.fam
OBJECTMODELPOINTER=89f64e77-4c74-41db-aeb0-2b1b913ab625.dev
TRANSFORMMATRIX=1,0,0,0,0,1,0,0,0,0,1,0,172352.924142572,163999.998925781,31896.0982030093,1
SUBDEVICES.NUM=0
SUBLOGICALMODELS.NUM=0
