ENTITYNAME=F4System
SYSCLASSIFYNAME=M_K_
BASEFAMILY=230edf89-3a86-4af1-a39c-9ac227c5314b-00497905.fam
OBJECTMODELPOINTER=7d578eda-1007-47d6-be80-68a5c002d7ce.dev
TRANSFORMMATRIX=0.985307198740959,-0.170791463806726,0,0,0.170791463806726,0.985307198740959,0,0,0,0,1,0,152943.57725418,114614.178311441,10763.5510011621,1
SUBDEVICES.NUM=0
SUBLOGICALMODELS.NUM=0
