ENTITYNAME=F4System
SYSCLASSIFYNAME=M_K_
BASEFAMILY=881bee2c-8af7-40d2-a7df-2f657407b22b-004977eb.fam
OBJECTMODELPOINTER=8f0b5135-a567-43dd-95ad-f3d02aa8403a.dev
TRANSFORMMATRIX=0.99996574121447,-0.00827746322228637,0,0,0.00827746322228637,0.99996574121447,0,0,0,0,1,0,151656.677943535,72654.9352956786,17309.0493886172,1
SUBDEVICES.NUM=0
SUBLOGICALMODELS.NUM=0
