ENTITYNAME=F4System
SYSCLASSIFYNAME=&其他
BASEFAMILY=646dc6fc-bba4-471a-a75b-e7a5cb86bde2-0042892f.fam
OBJECTMODELPOINTER=46ab1068-9f28-432c-8412-a733c3c8d5fc.dev
TRANSFORMMATRIX=1,0,0,0,0,1,0,0,0,0,1,0,15086.1920984413,21500,11861.4092715355,1
SUBDEVICES.NUM=0
SUBLOGICALMODELS.NUM=0
