ENTITYNAME=F4System
SYSCLASSIFYNAME=M_K_
BASEFAMILY=47c2e859-18e6-41f4-a4af-de173013a18e-00408518.fam
OBJECTMODELPOINTER=6d33e233-976b-4953-8816-52ba3fb1ca92.dev
TRANSFORMMATRIX=-1,0,0,0,0,-1,0,0,0,0,1,0,186499.997930568,185153.520092916,24362.8273606237,1
SUBDEVICES.NUM=0
SUBLOGICALMODELS.NUM=0
