ENTITYNAME=F4System
SYSCLASSIFYNAME=G_T_1
BASEFAMILY=8764a60e-1cdc-4d8e-9bc1-e2fd46971d2a-00495c1d.fam
OBJECTMODELPOINTER=1e027cf2-d62b-4790-b395-500d0ef1d880.dev
TRANSFORMMATRIX=1,0,0,0,0,1,0,0,0,0,1,0,131476.475621051,121370.123404067,0,1
SUBDEVICES.NUM=3
SUBDEVICE0=2513a54e-26e9-49fb-94d3-bf82f578d84d.cbm
SUBDEVICE1=ff0406b1-1d7d-4781-bf1d-19a9e8f106e0.cbm
SUBDEVICE2=ce6a7e85-a53c-4d98-8885-80edcc46c469.cbm
SUBLOGICALMODELS.NUM=0
