ENTITYNAME=F4System
SYSCLASSIFYNAME=M_F_
BASEFAMILY=881bee2c-8af7-40d2-a7df-2f657407b22b-004975ee.fam
OBJECTMODELPOINTER=492200ac-2537-40fb-8bf7-10bc219bb9a4.dev
TRANSFORMMATRIX=0.138429542811413,0.990372284384525,0,0,-0.990372284384525,0.138429542811413,0,0,0,0,1,0,156025.415870431,60350.3539127991,17763.842366354,1
SUBDEVICES.NUM=0
SUBLOGICALMODELS.NUM=0
