ENTITYNAME=F4System
SYSCLASSIFYNAME=M_K_
BASEFAMILY=230edf89-3a86-4af1-a39c-9ac227c5314b-004979d5.fam
OBJECTMODELPOINTER=4864fec2-a93c-455f-b594-0afd8f4501b8.dev
TRANSFORMMATRIX=0.888102074082571,-0.459646283581446,0,0,0.459646283581446,0.888102074082571,0,0,0,0,1,0,174535.511376558,112022.982720959,17730.74130249,1
SUBDEVICES.NUM=0
SUBLOGICALMODELS.NUM=0
