ENTITYNAME=F4System
SYSCLASSIFYNAME=M_G_
BASEFAMILY=02cd4ac8-363f-40da-8850-bb5c724bd1f8-004ab588.fam
OBJECTMODELPOINTER=7f4966b9-3476-4f4c-acc7-60161ab7fcfe.dev
TRANSFORMMATRIX=-1,0,0,0,0,-1,0,0,0,0,1,0,186540.899156625,160500.000000611,15606.785,1
SUBDEVICES.NUM=0
SUBLOGICALMODELS.NUM=0
