ENTITYNAME=F4System
SYSCLASSIFYNAME=&其他
BASEFAMILY=646dc6fc-bba4-471a-a75b-e7a5cb86bde2-0042980b.fam
OBJECTMODELPOINTER=0636facb-360d-4521-aaf3-9e4a277ba1ea.dev
TRANSFORMMATRIX=-1,0,0,0,0,-1,0,0,0,0,1,0,134279.832591855,160500.000000677,16171.8162436972,1
SUBDEVICES.NUM=0
SUBLOGICALMODELS.NUM=0
