ENTITYNAME=F4System
SYSCLASSIFYNAME=M_K_
BASEFAMILY=230edf89-3a86-4af1-a39c-9ac227c5314b-00497b9c.fam
OBJECTMODELPOINTER=588c6906-55af-4074-9bc4-741af79f72fc.dev
TRANSFORMMATRIX=-0.824619822622616,-0.565687323649599,0,0,0.565687323649599,-0.824619822622616,0,0,0,0,1,0,152508.602293201,122045.180583646,12716.6387166623,1
SUBDEVICES.NUM=0
SUBLOGICALMODELS.NUM=0
