ENTITYNAME=F4System
SYSCLASSIFYNAME=&其他
BASEFAMILY=646dc6fc-bba4-471a-a75b-e7a5cb86bde2-00429b29.fam
OBJECTMODELPOINTER=2519ac1f-fd9b-4312-999b-42b59d7c6993.dev
TRANSFORMMATRIX=1,0,0,0,0,1,0,0,0,0,1,0,196720.173813167,195499.999999972,16171.8162272817,1
SUBDEVICES.NUM=0
SUBLOGICALMODELS.NUM=0
