ENTITYNAME=F4System
SYSCLASSIFYNAME=M_K_
BASEFAMILY=47c2e859-18e6-41f4-a4af-de173013a18e-0041b84e.fam
OBJECTMODELPOINTER=709390ca-1346-4cb0-861e-d536d3926996.dev
TRANSFORMMATRIX=-0.999999542444661,-0.000956614064449786,0,0,0.000956614064449786,-0.999999542444661,0,0,0,0,1,0,144499.739011634,167734.604260344,12987.1319275501,1
SUBDEVICES.NUM=0
SUBLOGICALMODELS.NUM=0
