ENTITYNAME=F4System
SYSCLASSIFYNAME=M_K_
BASEFAMILY=20728f02-e3f7-4efe-b266-8d1b73e4b113-0043e73b.fam
OBJECTMODELPOINTER=5d278bed-3290-44fb-9ebb-ff2209033389.dev
TRANSFORMMATRIX=-0.0711675177449786,0.997464377518324,0,0,-0.997464377518324,-0.0711675177449786,0,0,0,0,1,0,53426.106243554,156317.777553611,28392.543720944,1
SUBDEVICES.NUM=0
SUBLOGICALMODELS.NUM=0
