ENTITYNAME=F4System
SYSCLASSIFYNAME=&其他
BASEFAMILY=646dc6fc-bba4-471a-a75b-e7a5cb86bde2-0042cfeb.fam
OBJECTMODELPOINTER=5512682d-f942-4427-b25d-2a79c2f47e05.dev
TRANSFORMMATRIX=1,0,0,0,0,1,0,0,0,0,1,0,172352.924142911,148999.999014085,31896.0982030093,1
SUBDEVICES.NUM=0
SUBLOGICALMODELS.NUM=0
