ENTITYNAME=F4System
SYSCLASSIFYNAME=M_K_
BASEFAMILY=230edf89-3a86-4af1-a39c-9ac227c5314b-00497989.fam
OBJECTMODELPOINTER=50fd9bfd-e884-4168-b814-5e4380f3fd52.dev
TRANSFORMMATRIX=0.942957038759761,-0.332914438036896,0,0,0.332914438036896,0.942957038759761,0,0,0,0,1,0,164571.885846142,114291.646172488,11434.4999105643,1
SUBDEVICES.NUM=0
SUBLOGICALMODELS.NUM=0
