ENTITYNAME=F4System
SYSCLASSIFYNAME=M_G_
BASEFAMILY=913143de-76d0-4d80-85fc-b4b6695ec456-0045236b.fam
OBJECTMODELPOINTER=248da681-7066-4b60-9b8e-fe0ce062cb5a.dev
TRANSFORMMATRIX=0,1,0,0,-1,0,0,0,0,0,1,0,110499.96541959,6000.27999999967,7362.70212469569,1
SUBDEVICES.NUM=0
SUBLOGICALMODELS.NUM=0
