ENTITYNAME=F4System
SYSCLASSIFYNAME=&其他
BASEFAMILY=646dc6fc-bba4-471a-a75b-e7a5cb86bde2-0042881e.fam
OBJECTMODELPOINTER=27c5335f-8d84-40e7-8f5b-019d20368d19.dev
TRANSFORMMATRIX=1,0,0,0,0,1,0,0,0,0,1,0,15086.1920984413,38000,11861.4092715355,1
SUBDEVICES.NUM=0
SUBLOGICALMODELS.NUM=0
