ENTITYNAME=F4System
SYSCLASSIFYNAME=M_K_
BASEFAMILY=230edf89-3a86-4af1-a39c-9ac227c5314b-004978f0.fam
OBJECTMODELPOINTER=50fd9bfd-e884-4168-b814-5e4380f3fd52.dev
TRANSFORMMATRIX=0.984204037077379,-0.177037886907264,0,0,0.177037886907264,0.984204037077379,0,0,0,0,1,0,152653.2538177,113597.239065246,12772.191224698,1
SUBDEVICES.NUM=0
SUBLOGICALMODELS.NUM=0
