ENTITYNAME=F4System
SYSCLASSIFYNAME=&其他
BASEFAMILY=34cc799f-08e7-4ed9-b6ac-6c98ca5fb06f-002255d5.fam
OBJECTMODELPOINTER=0790d265-ed26-4c7c-8eb5-d7bc66199ea6.dev
TRANSFORMMATRIX=1,0,0,0,0,1,0,0,0,0,1,0,43489.110262521,123941.193293447,-2890,1
SUBDEVICES.NUM=0
SUBLOGICALMODELS.NUM=0
