ENTITYNAME=F4System
SYSCLASSIFYNAME=M_G_
BASEFAMILY=913143de-76d0-4d80-85fc-b4b6695ec456-004526cb.fam
OBJECTMODELPOINTER=5d642064-017d-431c-ba58-bbdc307694b1.dev
TRANSFORMMATRIX=0,-1,0,0,1,0,0,0,0,0,1,0,139000,19495.7199999995,7303.39333333332,1
SUBDEVICES.NUM=0
SUBLOGICALMODELS.NUM=0
