ENTITYNAME=F4System
SYSCLASSIFYNAME=&其他
BASEFAMILY=646dc6fc-bba4-471a-a75b-e7a5cb86bde2-0042c8fd.fam
OBJECTMODELPOINTER=537435c8-ed92-4be8-9641-2dc67320ec16.dev
TRANSFORMMATRIX=-1,0,0,0,0,-1,0,0,0,0,1,0,77635.0040190201,164499.998925781,31969.1368843908,1
SUBDEVICES.NUM=0
SUBLOGICALMODELS.NUM=0
