ENTITYNAME=F4System
SYSCLASSIFYNAME=M_K_
BASEFAMILY=47c2e859-18e6-41f4-a4af-de173013a18e-0041b834.fam
OBJECTMODELPOINTER=6d33e233-976b-4953-8816-52ba3fb1ca92.dev
TRANSFORMMATRIX=0.999999948049251,0.000322337548158579,0,0,-0.000322337548158579,0.999999948049251,0,0,0,0,1,0,152000.119989666,163464.23299249,22354.7400587099,1
SUBDEVICES.NUM=0
SUBLOGICALMODELS.NUM=0
