ENTITYNAME=F4System
SYSCLASSIFYNAME=M_G_
BASEFAMILY=20728f02-e3f7-4efe-b266-8d1b73e4b113-0043dd00.fam
OBJECTMODELPOINTER=7a37506e-7ea1-413a-893c-50d2384dad4c.dev
TRANSFORMMATRIX=1,0,0,0,0,1,0,0,0,0,1,0,84503.0008061039,188998.082123335,7476.88166666669,1
SUBDEVICES.NUM=0
SUBLOGICALMODELS.NUM=0
