ENTITYNAME=F4System
SYSCLASSIFYNAME=&其他
BASEFAMILY=646dc6fc-bba4-471a-a75b-e7a5cb86bde2-0042c593.fam
OBJECTMODELPOINTER=5fb15c99-fb8f-4bfe-b785-ee76848bf8c6.dev
TRANSFORMMATRIX=0,-1,0,0,1,0,0,0,0,0,1,0,186499.997930569,195092.928291144,24920.6299449757,1
SUBDEVICES.NUM=0
SUBLOGICALMODELS.NUM=0
