ENTITYNAME=F4System
SYSCLASSIFYNAME=M_K_
BASEFAMILY=47c2e859-18e6-41f4-a4af-de173013a18e-00408a1f.fam
OBJECTMODELPOINTER=709390ca-1346-4cb0-861e-d536d3926996.dev
TRANSFORMMATRIX=-9.05373321487126E-05,0.999999995901496,0,0,-0.999999995901496,-9.05373321487126E-05,0,0,0,0,1,0,82051.1397705471,149499.724983115,29038.7727278362,1
SUBDEVICES.NUM=0
SUBLOGICALMODELS.NUM=0
