ENTITYNAME=F4System
SYSCLASSIFYNAME=M_F_
BASEFAMILY=47c2e859-18e6-41f4-a4af-de173013a18e-004081fb.fam
OBJECTMODELPOINTER=1fed45d5-7146-4049-9939-bafa1bdaa034.dev
TRANSFORMMATRIX=0,-1,0,0,1,0,0,0,0,0,1,0,71200.0009583794,194645.798932172,24845.8874019712,1
SUBDEVICES.NUM=0
SUBLOGICALMODELS.NUM=0
