ENTITYNAME=F4System
SYSCLASSIFYNAME=M_K_
BASEFAMILY=47c2e859-18e6-41f4-a4af-de173013a18e-00408388.fam
OBJECTMODELPOINTER=6d33e233-976b-4953-8816-52ba3fb1ca92.dev
TRANSFORMMATRIX=-1,0,0,0,0,-1,0,0,0,0,1,0,90499.9995327377,151903.521817324,24362.827099625,1
SUBDEVICES.NUM=0
SUBLOGICALMODELS.NUM=0
