ENTITYNAME=F4System
SYSCLASSIFYNAME=M_K_
BASEFAMILY=230edf89-3a86-4af1-a39c-9ac227c5314b-00497b79.fam
OBJECTMODELPOINTER=082ea9ee-ff3e-486a-8532-e869821d1696.dev
TRANSFORMMATRIX=-0.816354470958485,-0.577551190584949,0,0,0.577551190584949,-0.816354470958485,0,0,0,0,1,0,151061.13107476,123799.828432367,15979.4900470579,1
SUBDEVICES.NUM=0
SUBLOGICALMODELS.NUM=0
