ENTITYNAME=F4System
SYSCLASSIFYNAME=&其他
BASEFAMILY=646dc6fc-bba4-471a-a75b-e7a5cb86bde2-0042c3c1.fam
OBJECTMODELPOINTER=6820734f-e9ea-46c4-ba06-6cec7f12141c.dev
TRANSFORMMATRIX=0,1,0,0,-1,0,0,0,0,0,1,0,198499.999532728,181157.070946256,24920.6299449757,1
SUBDEVICES.NUM=0
SUBLOGICALMODELS.NUM=0
