ENTITYNAME=F4System
SYSCLASSIFYNAME=M_F_
BASEFAMILY=02cd4ac8-363f-40da-8850-bb5c724bd1f8-004ab4e5.fam
OBJECTMODELPOINTER=016e23a9-a14a-486a-b258-72c38c25dd35.dev
TRANSFORMMATRIX=-0.000251663604937391,0.999999968332715,0,0,-0.999999968332715,-0.000251663604937391,0,0,0,0,1,0,186699.399582546,168306.885366662,19935.224401161,1
SUBDEVICES.NUM=0
SUBLOGICALMODELS.NUM=0
