ENTITYNAME=F4System
SYSCLASSIFYNAME=&其他
BASEFAMILY=646dc6fc-bba4-471a-a75b-e7a5cb86bde2-0042cda9.fam
OBJECTMODELPOINTER=774f2cbc-51b5-4467-befb-4c82e60cfa69.dev
TRANSFORMMATRIX=1,0,0,0,0,1,0,0,0,0,1,0,199364.993469981,179500.001660156,31969.1370456303,1
SUBDEVICES.NUM=0
SUBLOGICALMODELS.NUM=0
