ENTITYNAME=F4System
SYSCLASSIFYNAME=M_K_
BASEFAMILY=47c2e859-18e6-41f4-a4af-de173013a18e-00408a26.fam
OBJECTMODELPOINTER=709390ca-1346-4cb0-861e-d536d3926996.dev
TRANSFORMMATRIX=-0.000114908594216191,0.999999993398007,0,0,-0.999999993398007,-0.000114908594216191,0,0,0,0,1,0,84635.4793055428,149500.015322419,28629.4000135512,1
SUBDEVICES.NUM=0
SUBLOGICALMODELS.NUM=0
