ENTITYNAME=F4System
SYSCLASSIFYNAME=M_K_
BASEFAMILY=47c2e859-18e6-41f4-a4af-de173013a18e-0041bae0.fam
OBJECTMODELPOINTER=50fd9bfd-e884-4168-b814-5e4380f3fd52.dev
TRANSFORMMATRIX=0.97046928628472,0.241224717593424,0,0,-0.241224717593424,0.97046928628472,0,0,0,0,1,0,90384.8539625273,194122.797695073,21459.7731441285,1
SUBDEVICES.NUM=0
SUBLOGICALMODELS.NUM=0
