ENTITYNAME=F4System
SYSCLASSIFYNAME=M_H_
BASEFAMILY=20728f02-e3f7-4efe-b266-8d1b73e4b113-0043ea85.fam
OBJECTMODELPOINTER=4f537ae8-19af-4f4e-85f6-b083113d1798.dev
TRANSFORMMATRIX=0.996786701341039,0.0801016356240649,0,0,-0.0801016356240649,0.996786701341039,0,0,0,0,1,0,54793.5694394875,163930.188863556,28165.3157490724,1
SUBDEVICES.NUM=0
SUBLOGICALMODELS.NUM=0
