ENTITYNAME=F4System
SYSCLASSIFYNAME=&其他
BASEFAMILY=646dc6fc-bba4-471a-a75b-e7a5cb86bde2-0042c7be.fam
OBJECTMODELPOINTER=562cd332-8528-4e1b-acfa-c5585eb75e7a.dev
TRANSFORMMATRIX=-1,0,0,0,0,-1,0,0,0,0,1,0,77635.0040190197,186999.999700213,31969.1368843908,1
SUBDEVICES.NUM=0
SUBLOGICALMODELS.NUM=0
