ENTITYNAME=F4System
SYSCLASSIFYNAME=&其他
BASEFAMILY=646dc6fc-bba4-471a-a75b-e7a5cb86bde2-0042c5bf.fam
OBJECTMODELPOINTER=46364e60-55f9-4dc4-8cb6-896f6fca07ea.dev
TRANSFORMMATRIX=0,1,0,0,-1,0,0,0,0,0,1,0,186499.997930568,181157.070946256,24920.6299449757,1
SUBDEVICES.NUM=0
SUBLOGICALMODELS.NUM=0
