ENTITYNAME=F4System
SYSCLASSIFYNAME=M_G_
BASEFAMILY=20728f02-e3f7-4efe-b266-8d1b73e4b113-0043de3a.fam
OBJECTMODELPOINTER=53fec201-a971-438c-a029-5b5eb28d6cba.dev
TRANSFORMMATRIX=1,0,0,0,0,1,0,0,0,0,1,0,192515.994139437,147499.999999999,15606.785,1
SUBDEVICES.NUM=0
SUBLOGICALMODELS.NUM=0
