ENTITYNAME=F4System
SYSCLASSIFYNAME=M_K_
BASEFAMILY=47c2e859-18e6-41f4-a4af-de173013a18e-004089ae.fam
OBJECTMODELPOINTER=709390ca-1346-4cb0-861e-d536d3926996.dev
TRANSFORMMATRIX=-0.000114908593653197,0.999999993398008,0,0,-0.999999993398008,-0.000114908593653197,0,0,0,0,1,0,84635.4793054566,179500.017968664,28629.4000135512,1
SUBDEVICES.NUM=0
SUBLOGICALMODELS.NUM=0
