ENTITYNAME=F4System
SYSCLASSIFYNAME=&其他
BASEFAMILY=646dc6fc-bba4-471a-a75b-e7a5cb86bde2-0042c043.fam
OBJECTMODELPOINTER=3defc40a-e6d6-45f7-924e-5b86ce93e396.dev
TRANSFORMMATRIX=0,-1,0,0,1,0,0,0,0,0,1,0,124999.998330378,161842.92378211,24920.6297108433,1
SUBDEVICES.NUM=0
SUBLOGICALMODELS.NUM=0
