ENTITYNAME=F4System
SYSCLASSIFYNAME=&其他
BASEFAMILY=646dc6fc-bba4-471a-a75b-e7a5cb86bde2-0042c218.fam
OBJECTMODELPOINTER=62c039e9-a9e8-41be-86bd-7f16da3ee92c.dev
TRANSFORMMATRIX=0,1,0,0,-1,0,0,0,0,0,1,0,159500.000219727,147907.072661995,24920.6297108433,1
SUBDEVICES.NUM=0
SUBLOGICALMODELS.NUM=0
