ENTITYNAME=F4System
SYSCLASSIFYNAME=M_K_
BASEFAMILY=47c2e859-18e6-41f4-a4af-de173013a18e-00408aba.fam
OBJECTMODELPOINTER=709390ca-1346-4cb0-861e-d536d3926996.dev
TRANSFORMMATRIX=-0.000128070346710022,0.999999991798993,0,0,-0.999999991798993,-0.000128070346710022,0,0,0,0,1,0,113922.997288257,187000.272369021,28987.6275641817,1
SUBDEVICES.NUM=0
SUBLOGICALMODELS.NUM=0
