ENTITYNAME=F4System
SYSCLASSIFYNAME=&其他
BASEFAMILY=646dc6fc-bba4-471a-a75b-e7a5cb86bde2-004299df.fam
OBJECTMODELPOINTER=941860c0-7fc4-4b66-88be-11d083ed5038.dev
TRANSFORMMATRIX=1,0,0,0,0,1,0,0,0,0,1,0,169720.175542442,195499.999999973,16171.8162436972,1
SUBDEVICES.NUM=0
SUBLOGICALMODELS.NUM=0
