ENTITYNAME=F4System
SYSCLASSIFYNAME=M_K_
BASEFAMILY=230edf89-3a86-4af1-a39c-9ac227c5314b-004979a5.fam
OBJECTMODELPOINTER=7d578eda-1007-47d6-be80-68a5c002d7ce.dev
TRANSFORMMATRIX=0.952258199201933,-0.305293829044563,0,0,0.305293829044563,0.952258199201933,0,0,0,0,1,0,165139.45460507,115501.564603201,8693.31437308806,1
SUBDEVICES.NUM=0
SUBLOGICALMODELS.NUM=0
