ENTITYNAME=F4System
SYSCLASSIFYNAME=&其他
BASEFAMILY=646dc6fc-bba4-471a-a75b-e7a5cb86bde2-0042c3ee.fam
OBJECTMODELPOINTER=9903a4b1-0d88-4a1d-9654-3065f103f8c1.dev
TRANSFORMMATRIX=0,-1,0,0,1,0,0,0,0,0,1,0,213500.000219727,161842.923781977,24920.6297108433,1
SUBDEVICES.NUM=0
SUBLOGICALMODELS.NUM=0
