ENTITYNAME=F4System
SYSCLASSIFYNAME=&其他
BASEFAMILY=646dc6fc-bba4-471a-a75b-e7a5cb86bde2-00429655.fam
OBJECTMODELPOINTER=5d498952-a875-418d-8a78-c54445dabbb2.dev
TRANSFORMMATRIX=-1,0,0,0,0,-1,0,0,0,0,1,0,80279.8261868332,147499.99999984,16171.8162272817,1
SUBDEVICES.NUM=0
SUBLOGICALMODELS.NUM=0
