ENTITYNAME=F4System
SYSCLASSIFYNAME=M_G_
BASEFAMILY=20728f02-e3f7-4efe-b266-8d1b73e4b113-0043dd5c.fam
OBJECTMODELPOINTER=53fec201-a971-438c-a029-5b5eb28d6cba.dev
TRANSFORMMATRIX=-1,0,0,0,0,-1,0,0,0,0,1,0,138493.507400975,182499.999999813,15606.785,1
SUBDEVICES.NUM=0
SUBLOGICALMODELS.NUM=0
