ENTITYNAME=F4System
SYSCLASSIFYNAME=M_G_
BASEFAMILY=913143de-76d0-4d80-85fc-b4b6695ec456-00452ad3.fam
OBJECTMODELPOINTER=9e7547ff-02cc-47af-bd3c-e5a0e14a542e.dev
TRANSFORMMATRIX=1,0,0,0,0,1,0,0,0,0,1,0,139006.496666667,34499.9999999996,11306.785,1
SUBDEVICES.NUM=0
SUBLOGICALMODELS.NUM=0
