ENTITYNAME=F4System
SYSCLASSIFYNAME=M_K_
BASEFAMILY=230edf89-3a86-4af1-a39c-9ac227c5314b-00497958.fam
OBJECTMODELPOINTER=50fd9bfd-e884-4168-b814-5e4380f3fd52.dev
TRANSFORMMATRIX=0.94313916817214,-0.332398118917007,0,0,0.332398118917007,0.94313916817214,0,0,0,0,1,0,163518.721586215,112367.480639101,16296.9937476607,1
SUBDEVICES.NUM=0
SUBLOGICALMODELS.NUM=0
