ENTITYNAME=F4System
SYSCLASSIFYNAME=&其他
BASEFAMILY=646dc6fc-bba4-471a-a75b-e7a5cb86bde2-0042cdd8.fam
OBJECTMODELPOINTER=0d7f5341-8f87-4339-a879-d150e1f49cc9.dev
TRANSFORMMATRIX=-1,0,0,0,0,-1,0,0,0,0,1,0,214635.00677416,179500.001660156,31969.1370456303,1
SUBDEVICES.NUM=0
SUBLOGICALMODELS.NUM=0
