ENTITYNAME=F4System
SYSCLASSIFYNAME=&其他
BASEFAMILY=646dc6fc-bba4-471a-a75b-e7a5cb86bde2-00429766.fam
OBJECTMODELPOINTER=2060bbf2-1c80-477d-8a85-20086fd3d0bc.dev
TRANSFORMMATRIX=-1,0,0,0,0,-1,0,0,0,0,1,0,134279.832591855,195500.000000677,16171.8162436972,1
SUBDEVICES.NUM=0
SUBLOGICALMODELS.NUM=0
