ENTITYNAME=F4System
SYSCLASSIFYNAME=M_K_
BASEFAMILY=47c2e859-18e6-41f4-a4af-de173013a18e-00408b4a.fam
OBJECTMODELPOINTER=709390ca-1346-4cb0-861e-d536d3926996.dev
TRANSFORMMATRIX=-6.90283807060795E-05,0.999999997617541,0,0,-0.999999997617541,-6.90283807060795E-05,0,0,0,0,1,0,187824.299997502,148999.494148829,29975.2189844749,1
SUBDEVICES.NUM=0
SUBLOGICALMODELS.NUM=0
