ENTITYNAME=F4System
SYSCLASSIFYNAME=M_K_
BASEFAMILY=20728f02-e3f7-4efe-b266-8d1b73e4b113-004442cf.fam
OBJECTMODELPOINTER=808fc5e9-9c05-44a5-bd0b-9d801089519b.dev
TRANSFORMMATRIX=-0.999999988498158,0.000151669655531846,0,0,-0.000151669655531846,-0.999999988498158,0,0,0,0,1,0,188496.064752342,6851.25727722503,17078.3229076064,1
SUBDEVICES.NUM=0
SUBLOGICALMODELS.NUM=0
