ENTITYNAME=F4System
SYSCLASSIFYNAME=M_G_
BASEFAMILY=43803cdb-2e0d-45cd-b17b-8524a6134ffe-004a11dd.fam
OBJECTMODELPOINTER=61433d32-f594-4529-a206-11a331bff506.dev
TRANSFORMMATRIX=0.00071718390536013,0.99999974282359,0,0,-0.99999974282359,0.00071718390536013,0,0,0,0,1,0,158250.0489227,99864.8816491229,4532.49666666669,1
SUBDEVICES.NUM=0
SUBLOGICALMODELS.NUM=0
