ENTITYNAME=F4System
SYSCLASSIFYNAME=&其他
BASEFAMILY=34cc799f-08e7-4ed9-b6ac-6c98ca5fb06f-002255cf.fam
OBJECTMODELPOINTER=2d6b8583-44ba-4a42-96bd-f7f75379d0d3.dev
TRANSFORMMATRIX=1,0,0,0,0,1,0,0,0,0,1,0,37489.1102638919,116144.653485148,-2890,1
SUBDEVICES.NUM=0
SUBLOGICALMODELS.NUM=0
