ENTITYNAME=F4System
SYSCLASSIFYNAME=M_K_
BASEFAMILY=230edf89-3a86-4af1-a39c-9ac227c5314b-004978f7.fam
OBJECTMODELPOINTER=50fd9bfd-e884-4168-b814-5e4380f3fd52.dev
TRANSFORMMATRIX=0.984528442388633,-0.175224844493615,0,0,0.175224844493615,0.984528442388633,0,0,0,0,1,0,152752.008017645,113926.605295942,12098.1503814942,1
SUBDEVICES.NUM=0
SUBLOGICALMODELS.NUM=0
