ENTITYNAME=F4System
SYSCLASSIFYNAME=&其他
BASEFAMILY=646dc6fc-bba4-471a-a75b-e7a5cb86bde2-00429af6.fam
OBJECTMODELPOINTER=810cc5ca-8ba3-4ed5-bcb7-1008aa7fd06e.dev
TRANSFORMMATRIX=1,0,0,0,0,1,0,0,0,0,1,0,196720.173813126,188999.999999972,16171.8162272817,1
SUBDEVICES.NUM=0
SUBLOGICALMODELS.NUM=0
