ENTITYNAME=F4System
SYSCLASSIFYNAME=M_K_
BASEFAMILY=44208473-72cd-4326-9e8f-0285d5ad310b-00498402.fam
OBJECTMODELPOINTER=6d33e233-976b-4953-8816-52ba3fb1ca92.dev
TRANSFORMMATRIX=-0.99986025170028,-0.0167175677014181,0,0,0.0167175677014181,-0.99986025170028,0,0,0,0,1,0,144422.345427537,188125.688636331,12014.975639828,1
SUBDEVICES.NUM=0
SUBLOGICALMODELS.NUM=0
