ENTITYNAME=F4System
SYSCLASSIFYNAME=M_K_
BASEFAMILY=230edf89-3a86-4af1-a39c-9ac227c5314b-00497ba3.fam
OBJECTMODELPOINTER=588c6906-55af-4074-9bc4-741af79f72fc.dev
TRANSFORMMATRIX=-0.826834365509499,-0.562445492481275,0,0,0.562445492481275,-0.826834365509499,0,0,0,0,1,0,152769.708467349,121711.427587383,12043.149729958,1
SUBDEVICES.NUM=0
SUBLOGICALMODELS.NUM=0
