ENTITYNAME=F4System
SYSCLASSIFYNAME=M_K_
BASEFAMILY=20728f02-e3f7-4efe-b266-8d1b73e4b113-0044439f.fam
OBJECTMODELPOINTER=808fc5e9-9c05-44a5-bd0b-9d801089519b.dev
TRANSFORMMATRIX=-0.999999988498158,0.000151669655702377,0,0,-0.000151669655702377,-0.999999988498158,0,0,0,0,1,0,93995.6442433282,4060.68291775426,17001.4022299521,1
SUBDEVICES.NUM=0
SUBLOGICALMODELS.NUM=0
