ENTITYNAME=F4System
SYSCLASSIFYNAME=&其他
BASEFAMILY=646dc6fc-bba4-471a-a75b-e7a5cb86bde2-0042cd7b.fam
OBJECTMODELPOINTER=5d6eada9-058f-4c23-bdff-89d3e836ef5c.dev
TRANSFORMMATRIX=-1,0,0,0,0,-1,0,0,0,0,1,0,214635.006773074,186999.999700261,31969.1370456303,1
SUBDEVICES.NUM=0
SUBLOGICALMODELS.NUM=0
