ENTITYNAME=F4System
SYSCLASSIFYNAME=M_F_
BASEFAMILY=881bee2c-8af7-40d2-a7df-2f657407b22b-00497871.fam
OBJECTMODELPOINTER=3cfcb833-a33c-481b-824a-3fd14ec11123.dev
TRANSFORMMATRIX=-0.328199664308339,0.944608374061914,0,0,-0.944608374061914,-0.328199664308339,0,0,0,0,1,0,149684.377019738,125495.762527493,20498.7489826718,1
SUBDEVICES.NUM=0
SUBLOGICALMODELS.NUM=0
