ENTITYNAME=F4System
SYSCLASSIFYNAME=&其他
BASEFAMILY=646dc6fc-bba4-471a-a75b-e7a5cb86bde2-0042cad2.fam
OBJECTMODELPOINTER=5109d768-ca99-4229-abe1-62d04f42ed47.dev
TRANSFORMMATRIX=-1,0,0,0,0,-1,0,0,0,0,1,0,131647.075548017,179500.001660156,31896.0982030093,1
SUBDEVICES.NUM=0
SUBLOGICALMODELS.NUM=0
