ENTITYNAME=F4System
SYSCLASSIFYNAME=&其他
BASEFAMILY=646dc6fc-bba4-471a-a75b-e7a5cb86bde2-0042bf6e.fam
OBJECTMODELPOINTER=4cd225cc-5f22-4b80-9160-b0ca24688393.dev
TRANSFORMMATRIX=0,1,0,0,-1,0,0,0,0,0,1,0,124999.998330209,181157.070946256,24920.6299449757,1
SUBDEVICES.NUM=0
SUBLOGICALMODELS.NUM=0
