ENTITYNAME=F4System
SYSCLASSIFYNAME=M_G_
BASEFAMILY=913143de-76d0-4d80-85fc-b4b6695ec456-0045285e.fam
OBJECTMODELPOINTER=61e0a952-4e0b-4d23-b671-c2597e8d53e4.dev
TRANSFORMMATRIX=0.196791553563788,0.980445350055754,0,0,-0.980445350055754,0.196791553563788,0,0,0,0,1,0,52853.6635770252,18680.5364459159,9858.49850895039,1
SUBDEVICES.NUM=0
SUBLOGICALMODELS.NUM=0
