ENTITYNAME=F4System
SYSCLASSIFYNAME=&其他
BASEFAMILY=34cc799f-08e7-4ed9-b6ac-6c98ca5fb06f-002251bb.fam
OBJECTMODELPOINTER=970b1260-1993-46f3-a777-22a8818a735c.dev
TRANSFORMMATRIX=1,0,0,0,0,1,0,0,0,0,1,0,205355.005789989,136698.156917879,-610,1
SUBDEVICES.NUM=0
SUBLOGICALMODELS.NUM=0
