ENTITYNAME=F4System
SYSCLASSIFYNAME=M_G_
BASEFAMILY=20728f02-e3f7-4efe-b266-8d1b73e4b113-0043eaa4.fam
OBJECTMODELPOINTER=71e6cb1f-a261-45b9-b59c-90b94f8fcd99.dev
TRANSFORMMATRIX=0.996549921341071,0.0829955075597766,0,0,-0.0829955075597766,0.996549921341071,0,0,0,0,1,0,54795.9062657663,163930.351093386,28023.4364627886,1
SUBDEVICES.NUM=0
SUBLOGICALMODELS.NUM=0
