ENTITYNAME=F4System
SYSCLASSIFYNAME=M_K_
BASEFAMILY=47c2e859-18e6-41f4-a4af-de173013a18e-00412bc0.fam
OBJECTMODELPOINTER=6d33e233-976b-4953-8816-52ba3fb1ca92.dev
TRANSFORMMATRIX=0.999999574951232,-0.000922007242255551,0,0,0.000922007242255551,0.999999574951232,0,0,0,0,1,0,97999.561779325,175106.516268484,14598.8285043573,1
SUBDEVICES.NUM=0
SUBLOGICALMODELS.NUM=0
