ENTITYNAME=F4System
SYSCLASSIFYNAME=&其他
BASEFAMILY=646dc6fc-bba4-471a-a75b-e7a5cb86bde2-0042bc71.fam
OBJECTMODELPOINTER=0eac63d2-ef62-4315-9a72-016032ce30e3.dev
TRANSFORMMATRIX=0,1,0,0,-1,0,0,0,0,0,1,0,71000.0009583511,147907.072661969,24920.6297108433,1
SUBDEVICES.NUM=0
SUBLOGICALMODELS.NUM=0
