ENTITYNAME=F4System
SYSCLASSIFYNAME=M_K_
BASEFAMILY=230edf89-3a86-4af1-a39c-9ac227c5314b-00497a5c.fam
OBJECTMODELPOINTER=709390ca-1346-4cb0-861e-d536d3926996.dev
TRANSFORMMATRIX=-0.598616475167719,-0.801035776765168,0,0,0.801035776765168,-0.598616475167719,0,0,0,0,1,0,172101.591573221,124213.383722986,19483.115196549,1
SUBDEVICES.NUM=0
SUBLOGICALMODELS.NUM=0
