ENTITYNAME=F4System
SYSCLASSIFYNAME=M_K_
BASEFAMILY=20728f02-e3f7-4efe-b266-8d1b73e4b113-00444312.fam
OBJECTMODELPOINTER=045815f9-8171-4c78-bdf5-c96e6f6896b5.dev
TRANSFORMMATRIX=-0.999999988498158,0.000151669655562933,0,0,-0.000151669655562933,-0.999999988498158,0,0,0,0,1,0,183494.797521022,-1508.13449692301,17386.9754361006,1
SUBDEVICES.NUM=0
SUBLOGICALMODELS.NUM=0
