ENTITYNAME=F4System
SYSCLASSIFYNAME=M_H_
BASEFAMILY=20728f02-e3f7-4efe-b266-8d1b73e4b113-0043ed41.fam
OBJECTMODELPOINTER=624beb7b-8726-4b9f-94c6-f0dd9655185d.dev
TRANSFORMMATRIX=-1,0,0,0,0,-1,0,0,0,0,1,0,103624.51735409,149499.999013915,31721.1696265168,1
SUBDEVICES.NUM=0
SUBLOGICALMODELS.NUM=0
