ENTITYNAME=F4System
SYSCLASSIFYNAME=M_G_
BASEFAMILY=20728f02-e3f7-4efe-b266-8d1b73e4b113-0043ea4a.fam
OBJECTMODELPOINTER=71e6cb1f-a261-45b9-b59c-90b94f8fcd99.dev
TRANSFORMMATRIX=0.996549921585464,0.0829955046252794,0,0,-0.0829955046252794,0.996549921585464,0,0,0,0,1,0,54795.9062186796,156430.353069469,28023.4364662544,1
SUBDEVICES.NUM=0
SUBLOGICALMODELS.NUM=0
