ENTITYNAME=F4System
SYSCLASSIFYNAME=&其他
BASEFAMILY=646dc6fc-bba4-471a-a75b-e7a5cb86bde2-0042896a.fam
OBJECTMODELPOINTER=6996c4be-3502-4a81-9ca7-f34fa944e569.dev
TRANSFORMMATRIX=1,0,0,0,0,1,0,0,0,0,1,0,40086.1920984413,38000,11861.4092715355,1
SUBDEVICES.NUM=0
SUBLOGICALMODELS.NUM=0
