ENTITYNAME=F4System
SYSCLASSIFYNAME=M_K_
BASEFAMILY=47c2e859-18e6-41f4-a4af-de173013a18e-00412c49.fam
OBJECTMODELPOINTER=6d33e233-976b-4953-8816-52ba3fb1ca92.dev
TRANSFORMMATRIX=0.999999572212643,-0.000924972718984549,0,0,0.000924972718984549,0.999999572212643,0,0,0,0,1,0,144499.393815722,174924.340676025,16397.8765907002,1
SUBDEVICES.NUM=0
SUBLOGICALMODELS.NUM=0
