ENTITYNAME=F4System
SYSCLASSIFYNAME=M_K_
BASEFAMILY=44208473-72cd-4326-9e8f-0285d5ad310b-004a0f45.fam
OBJECTMODELPOINTER=709390ca-1346-4cb0-861e-d536d3926996.dev
TRANSFORMMATRIX=-0.999758593014762,0.0219717020993903,0,0,-0.0219717020993903,-0.999758593014762,0,0,0,0,1,0,117734.512437135,194165.324836869,14002.0477095296,1
SUBDEVICES.NUM=0
SUBLOGICALMODELS.NUM=0
