ENTITYNAME=F4System
SYSCLASSIFYNAME=&其他
BASEFAMILY=881bee2c-8af7-40d2-a7df-2f657407b22b-0049786f.fam
OBJECTMODELPOINTER=61921e24-f4b1-4513-9a3f-49ca67a54f38.dev
TRANSFORMMATRIX=-0.328199664308339,0.944608374061914,0,0,-0.944608374061914,-0.328199664308339,0,0,0,0,1,0,149889.459236009,125088.320371384,20466.4490584378,1
SUBDEVICES.NUM=0
SUBLOGICALMODELS.NUM=0
