ENTITYNAME=F4System
SYSCLASSIFYNAME=M_K_
BASEFAMILY=47c2e859-18e6-41f4-a4af-de173013a18e-0040841d.fam
OBJECTMODELPOINTER=709390ca-1346-4cb0-861e-d536d3926996.dev
TRANSFORMMATRIX=-1,0,0,0,0,-1,0,0,0,0,1,0,144499.999532731,185153.520092913,24362.8273606024,1
SUBDEVICES.NUM=0
SUBLOGICALMODELS.NUM=0
