ENTITYNAME=F4System
SYSCLASSIFYNAME=M_K_
BASEFAMILY=230edf89-3a86-4af1-a39c-9ac227c5314b-00497af9.fam
OBJECTMODELPOINTER=082ea9ee-ff3e-486a-8532-e869821d1696.dev
TRANSFORMMATRIX=-0.686578087260355,-0.727056070804661,0,0,0.727056070804661,-0.686578087260355,0,0,0,0,1,0,162263.099709941,123598.294625655,16207.8622578704,1
SUBDEVICES.NUM=0
SUBLOGICALMODELS.NUM=0
