ENTITYNAME=F4System
SYSCLASSIFYNAME=M_K_
BASEFAMILY=47c2e859-18e6-41f4-a4af-de173013a18e-00408a98.fam
OBJECTMODELPOINTER=709390ca-1346-4cb0-861e-d536d3926996.dev
TRANSFORMMATRIX=-0.000127289048766372,0.999999991898749,0,0,-0.999999991898749,-0.000127289048766372,0,0,0,0,1,0,116182.071744036,179500.507014975,29964.392411308,1
SUBDEVICES.NUM=0
SUBLOGICALMODELS.NUM=0
