ENTITYNAME=F4System
SYSCLASSIFYNAME=M_H_
BASEFAMILY=47c2e859-18e6-41f4-a4af-de173013a18e-0041bb86.fam
OBJECTMODELPOINTER=173dcfa1-d2d6-4ca4-921c-ab8a508e244b.dev
TRANSFORMMATRIX=0,1,0,0,-1,0,0,0,0,0,1,0,124999.998330381,153874.44829298,24220.3912703683,1
SUBDEVICES.NUM=0
SUBLOGICALMODELS.NUM=0
