ENTITYNAME=F4System
SYSCLASSIFYNAME=M_K_
BASEFAMILY=02cd4ac8-363f-40da-8850-bb5c724bd1f8-004ab5bd.fam
OBJECTMODELPOINTER=6d33e233-976b-4953-8816-52ba3fb1ca92.dev
TRANSFORMMATRIX=0.999999559980272,-0.000938104078515322,0,0,0.000938104078515322,0.999999559980272,0,0,0,0,1,0,171499.581113643,175120.269466603,14629.8960270359,1
SUBDEVICES.NUM=0
SUBLOGICALMODELS.NUM=0
