ENTITYNAME=F4System
SYSCLASSIFYNAME=M_K_
BASEFAMILY=913143de-76d0-4d80-85fc-b4b6695ec456-0045263a.fam
OBJECTMODELPOINTER=885b5026-c6b4-42ec-9a54-85fa4c0eddbf.dev
TRANSFORMMATRIX=-0.999869568478708,0.0161507284728165,0,0,-0.0161507284728165,-0.999869568478708,0,0,0,0,1,0,188824.925331123,18623.4714613569,10278.1751851077,1
SUBDEVICES.NUM=0
SUBLOGICALMODELS.NUM=0
