ENTITYNAME=F4System
SYSCLASSIFYNAME=&其他
BASEFAMILY=881bee2c-8af7-40d2-a7df-2f657407b22b-00497689.fam
OBJECTMODELPOINTER=706aae32-2923-4928-8ad5-de01bca00b0a.dev
TRANSFORMMATRIX=-0.138429542811421,-0.990372284384524,0,0,0.990372284384524,-0.138429542811421,0,0,0,0,1,0,163130.430808265,111615.493784257,19380.094141676,1
SUBDEVICES.NUM=0
SUBLOGICALMODELS.NUM=0
