ENTITYNAME=F4System
SYSCLASSIFYNAME=&其他
BASEFAMILY=646dc6fc-bba4-471a-a75b-e7a5cb86bde2-0042baf9.fam
OBJECTMODELPOINTER=86fa1e85-f487-4e53-9b64-590cda84c07e.dev
TRANSFORMMATRIX=0,-1,0,0,1,0,0,0,0,0,1,0,71000.0009583769,195092.928290832,24920.6299449757,1
SUBDEVICES.NUM=0
SUBLOGICALMODELS.NUM=0
