ENTITYNAME=F4System
SYSCLASSIFYNAME=M_K_
BASEFAMILY=47c2e859-18e6-41f4-a4af-de173013a18e-00408af9.fam
OBJECTMODELPOINTER=709390ca-1346-4cb0-861e-d536d3926996.dev
TRANSFORMMATRIX=-9.1612436635835E-05,0.999999995803581,0,0,-0.999999995803581,-9.1612436635835E-05,0,0,0,0,1,0,190093.29124843,163999.727637188,29010.9035729701,1
SUBDEVICES.NUM=0
SUBLOGICALMODELS.NUM=0
