ENTITYNAME=F4System
SYSCLASSIFYNAME=M_G_
BASEFAMILY=02cd4ac8-363f-40da-8850-bb5c724bd1f8-004ab64b.fam
OBJECTMODELPOINTER=7a37506e-7ea1-413a-893c-50d2384dad4c.dev
TRANSFORMMATRIX=0,1,0,0,-1,0,0,0,0,0,1,0,186499.950000011,167513.503333333,9861.38166666673,1
SUBDEVICES.NUM=0
SUBLOGICALMODELS.NUM=0
