ENTITYNAME=F4System
SYSCLASSIFYNAME=&其他
BASEFAMILY=646dc6fc-bba4-471a-a75b-e7a5cb86bde2-00429a9f.fam
OBJECTMODELPOINTER=11973038-f6e9-4a9b-bcc9-d63cddaeefc2.dev
TRANSFORMMATRIX=-1,0,0,0,0,-1,0,0,0,0,1,0,188279.832591855,160500.000000677,16171.8162436972,1
SUBDEVICES.NUM=0
SUBLOGICALMODELS.NUM=0
