ENTITYNAME=F4System
SYSCLASSIFYNAME=&其他
BASEFAMILY=646dc6fc-bba4-471a-a75b-e7a5cb86bde2-0042c43f.fam
OBJECTMODELPOINTER=004a5ead-e50e-44cf-aed9-fd8152c1ff37.dev
TRANSFORMMATRIX=0,-1,0,0,1,0,0,0,0,0,1,0,205999.998330378,161842.92378211,24920.6297108433,1
SUBDEVICES.NUM=0
SUBLOGICALMODELS.NUM=0
