ENTITYNAME=F4System
SYSCLASSIFYNAME=M_H_
BASEFAMILY=230edf89-3a86-4af1-a39c-9ac227c5314b-00497bd4.fam
OBJECTMODELPOINTER=5fb0ed9a-cf0f-4038-b374-6e27250c5620.dev
TRANSFORMMATRIX=-0.173773361790085,-0.984785671469773,0,0,0.984785671469773,-0.173773361790085,0,0,0,0,1,0,152821.003325644,114167.983206081,11628.0809380464,1
SUBDEVICES.NUM=0
SUBLOGICALMODELS.NUM=0
