ENTITYNAME=F4System
SYSCLASSIFYNAME=M_K_
BASEFAMILY=913143de-76d0-4d80-85fc-b4b6695ec456-00452669.fam
OBJECTMODELPOINTER=885b5026-c6b4-42ec-9a54-85fa4c0eddbf.dev
TRANSFORMMATRIX=-0.999909183013143,0.0134768589066414,0,0,-0.0134768589066414,-0.999909183013143,0,0,0,0,1,0,176650.710328152,17755.5059085702,12510.3241052346,1
SUBDEVICES.NUM=0
SUBLOGICALMODELS.NUM=0
