ENTITYNAME=F4System
SYSCLASSIFYNAME=M_K_
BASEFAMILY=230edf89-3a86-4af1-a39c-9ac227c5314b-00497b0e.fam
OBJECTMODELPOINTER=082ea9ee-ff3e-486a-8532-e869821d1696.dev
TRANSFORMMATRIX=-0.690413511246601,-0.723414945579741,0,0,0.723414945579741,-0.690413511246601,0,0,0,0,1,0,163295.006101757,122793.658621574,14362.5872023994,1
SUBDEVICES.NUM=0
SUBLOGICALMODELS.NUM=0
