ENTITYNAME=F4System
SYSCLASSIFYNAME=M_G_
BASEFAMILY=47c2e859-18e6-41f4-a4af-de173013a18e-0041ba47.fam
OBJECTMODELPOINTER=53fec201-a971-438c-a029-5b5eb28d6cba.dev
TRANSFORMMATRIX=0,-1,0,0,1,0,0,0,0,0,1,0,98000.0316689704,188135.222000072,24058.7057765291,1
SUBDEVICES.NUM=0
SUBLOGICALMODELS.NUM=0
