ENTITYNAME=F4System
SYSCLASSIFYNAME=&其他
BASEFAMILY=20728f02-e3f7-4efe-b266-8d1b73e4b113-0043e3c4.fam
OBJECTMODELPOINTER=3074e046-31d7-46c4-bfe9-775dff865ecf.dev
TRANSFORMMATRIX=-0.000419533366106228,0.999999911995873,0,0,-0.999999911995873,-0.000419533366106228,0,0,0,0,1,0,178997.261883208,208924.550701765,25462.3526397326,1
SUBDEVICES.NUM=0
SUBLOGICALMODELS.NUM=0
