ENTITYNAME=F4System
SYSCLASSIFYNAME=M_K_
BASEFAMILY=230edf89-3a86-4af1-a39c-9ac227c5314b-00497b72.fam
OBJECTMODELPOINTER=082ea9ee-ff3e-486a-8532-e869821d1696.dev
TRANSFORMMATRIX=-0.817512058200342,-0.575911481650644,0,0,0.575911481650644,-0.817512058200342,0,0,0,0,1,0,150803.355867029,124089.727898173,16674.4524807331,1
SUBDEVICES.NUM=0
SUBLOGICALMODELS.NUM=0
