ENTITYNAME=F4System
SYSCLASSIFYNAME=&其他
BASEFAMILY=646dc6fc-bba4-471a-a75b-e7a5cb86bde2-0042baa5.fam
OBJECTMODELPOINTER=4cb1b25b-32b6-43f6-a676-9f8221762cee.dev
TRANSFORMMATRIX=0,-1,0,0,1,0,0,0,0,0,1,0,78499.9995007993,195092.928290822,24920.6299449757,1
SUBDEVICES.NUM=0
SUBLOGICALMODELS.NUM=0
