ENTITYNAME=F4System
SYSCLASSIFYNAME=M_K_
BASEFAMILY=02cd4ac8-363f-40da-8850-bb5c724bd1f8-004ab5f0.fam
OBJECTMODELPOINTER=6d33e233-976b-4953-8816-52ba3fb1ca92.dev
TRANSFORMMATRIX=0.999999557094089,-0.000941175661458462,0,0,0.000941175661458462,0.999999557094089,0,0,0,0,1,0,186499.740989336,175290.69738813,12985.2286315146,1
SUBDEVICES.NUM=0
SUBLOGICALMODELS.NUM=0
