ENTITYNAME=F4System
SYSCLASSIFYNAME=M_K_
BASEFAMILY=20728f02-e3f7-4efe-b266-8d1b73e4b113-0043e712.fam
OBJECTMODELPOINTER=5d278bed-3290-44fb-9ebb-ff2209033389.dev
TRANSFORMMATRIX=-0.0711672472855539,0.997464396815143,0,0,-0.997464396815143,-0.0711672472855539,0,0,0,0,1,0,53426.1062550329,148817.778291203,28392.5437201687,1
SUBDEVICES.NUM=0
SUBLOGICALMODELS.NUM=0
