ENTITYNAME=F4System
SYSCLASSIFYNAME=M_F_
BASEFAMILY=20728f02-e3f7-4efe-b266-8d1b73e4b113-0043e289.fam
OBJECTMODELPOINTER=9451e67d-19b5-4a52-b23b-05f9cc54028f.dev
TRANSFORMMATRIX=-0.999999944885818,-0.000332006569053986,0,0,0.000332006569053986,-0.999999944885818,0,0,0,0,1,0,48387.1664086883,179297.789544304,30853.8982487583,1
SUBDEVICES.NUM=0
SUBLOGICALMODELS.NUM=0
