ENTITYNAME=F4System
SYSCLASSIFYNAME=&其他
BASEFAMILY=646dc6fc-bba4-471a-a75b-e7a5cb86bde2-00429a84.fam
OBJECTMODELPOINTER=56191fe0-f7ae-4b99-99e5-53eecb38a9d2.dev
TRANSFORMMATRIX=1,0,0,0,0,1,0,0,0,0,1,0,169720.175542442,160499.999999973,16171.8162436972,1
SUBDEVICES.NUM=0
SUBLOGICALMODELS.NUM=0
