ENTITYNAME=F4System
SYSCLASSIFYNAME=M_F_
BASEFAMILY=881bee2c-8af7-40d2-a7df-2f657407b22b-0049752f.fam
OBJECTMODELPOINTER=90d49a4f-aeb0-4fd4-a530-87b91ecaaf9d.dev
TRANSFORMMATRIX=-0.261810634552902,-0.965119262907443,0,0,0.965119262907443,-0.261810634552902,0,0,0,0,1,0,174149.82409514,111358.603428545,19355.1080022369,1
SUBDEVICES.NUM=0
SUBLOGICALMODELS.NUM=0
