ENTITYNAME=F4System
SYSCLASSIFYNAME=&其他
BASEFAMILY=20728f02-e3f7-4efe-b266-8d1b73e4b113-0043e2fb.fam
OBJECTMODELPOINTER=0acbcdb5-7dbc-4c5d-829a-89ee79f6df9e.dev
TRANSFORMMATRIX=-0.999999944885818,-0.000332006569060647,0,0,0.000332006569060647,-0.999999944885818,0,0,0,0,1,0,48818.6021385003,163497.928839753,30992.8838646367,1
SUBDEVICES.NUM=0
SUBLOGICALMODELS.NUM=0
