ENTITYNAME=F4System
SYSCLASSIFYNAME=&其他
BASEFAMILY=646dc6fc-bba4-471a-a75b-e7a5cb86bde2-0042cc7b.fam
OBJECTMODELPOINTER=9f5cc9a1-8beb-407b-af23-cc052f23e946.dev
TRANSFORMMATRIX=-1,0,0,0,0,-1,0,0,0,0,1,0,104647.073338076,164499.998925781,31896.0982030093,1
SUBDEVICES.NUM=0
SUBLOGICALMODELS.NUM=0
