ENTITYNAME=F4System
SYSCLASSIFYNAME=M_K_
BASEFAMILY=881bee2c-8af7-40d2-a7df-2f657407b22b-00497557.fam
OBJECTMODELPOINTER=8f0b5135-a567-43dd-95ad-f3d02aa8403a.dev
TRANSFORMMATRIX=0.965119262907447,-0.26181063455289,0,0,0.26181063455289,0.965119262907447,0,0,0,0,1,0,170299.176454501,96934.6889107161,17936.07098495,1
SUBDEVICES.NUM=0
SUBLOGICALMODELS.NUM=0
