ENTITYNAME=F4System
SYSCLASSIFYNAME=&其他
BASEFAMILY=34cc799f-08e7-4ed9-b6ac-6c98ca5fb06f-002255d8.fam
OBJECTMODELPOINTER=2ef91168-c872-4577-9d7e-633c809900f0.dev
TRANSFORMMATRIX=1,0,0,0,0,1,0,0,0,0,1,0,142285.167434265,136750.194001996,-2890,1
SUBDEVICES.NUM=0
SUBLOGICALMODELS.NUM=0
