ENTITYNAME=F4System
SYSCLASSIFYNAME=&其他
BASEFAMILY=646dc6fc-bba4-471a-a75b-e7a5cb86bde2-0042993a.fam
OBJECTMODELPOINTER=4d0a6142-2545-418d-8565-0fa92106ef6f.dev
TRANSFORMMATRIX=1,0,0,0,0,1,0,0,0,0,1,0,142720.175542442,160499.999999973,16171.8162436972,1
SUBDEVICES.NUM=0
SUBLOGICALMODELS.NUM=0
