ENTITYNAME=F4System
SYSCLASSIFYNAME=&其他
BASEFAMILY=34cc799f-08e7-4ed9-b6ac-6c98ca5fb06f-002255db.fam
OBJECTMODELPOINTER=5b9be7f1-b3ed-4c21-86bd-6c1a3652f6fc.dev
TRANSFORMMATRIX=1,0,0,0,0,1,0,0,0,0,1,0,231489.08449223,79135.7783258237,-2890,1
SUBDEVICES.NUM=0
SUBLOGICALMODELS.NUM=0
