ENTITYNAME=F4System
SYSCLASSIFYNAME=&其他
BASEFAMILY=646dc6fc-bba4-471a-a75b-e7a5cb86bde2-0042bf99.fam
OBJECTMODELPOINTER=2eb69bf1-7b4d-40f1-8462-452d2656131b.dev
TRANSFORMMATRIX=0,-1,0,0,1,0,0,0,0,0,1,0,117499.999532741,195092.928290601,24920.6299449757,1
SUBDEVICES.NUM=0
SUBLOGICALMODELS.NUM=0
