ENTITYNAME=F4System
SYSCLASSIFYNAME=M_G_
BASEFAMILY=9343c703-1025-4d3d-8f19-27d63020bb62-003e9310.fam
OBJECTMODELPOINTER=31b05db2-a88e-44b4-a10d-00a262ca1d39.dev
TRANSFORMMATRIX=0.146098205303597,0.989270091737877,0,0,-0.989270091737877,0.146098205303597,0,0,0,0,1,0,150310.226874372,113069.248708547,4738.66666666666,1
SUBDEVICES.NUM=0
SUBLOGICALMODELS.NUM=0
