BLHA=28.17823418,112.54824050,107.35,128.640
SUBSYSTEM=3bafbb91-5244-40b2-89c3-b76b385512ee.cbm
TYPE=TS
