<?xml version="1.0" encoding="utf-8"?>
<Device>
  <Entities>
    <Entity ID="13642" Type="simple" Visible="true">
      <Cuboid L="245" W="245" H="24" />
      <Color R="255" G="255" B="255" A="0" />
      <TransformMatrix Value="0.866025403784439,0.5,0,0,-0.5,0.866025403784439,0,0,0,0,1,0,-710.14083109796,-410,200,1" />
    </Entity>
    <Entity ID="13643" Type="simple" Visible="true">
      <Cylinder R="122.5" H="10" />
      <Color R="213" G="235" B="218" A="0" />
      <TransformMatrix Value="0.866025403784439,0.5,0,0,-0.5,0.866025403784439,0,0,0,0,1,0,-710.14083109796,-410,224,1" />
    </Entity>
    <Entity ID="13644" Type="simple" Visible="true">
      <Cylinder R="80" H="2520" />
      <Color R="213" G="235" B="218" A="0" />
      <TransformMatrix Value="0.866025403784439,0.5,0,0,-0.5,0.866025403784439,0,0,0,0,1,0,-710.14083109796,-410,234,1" />
    </Entity>
    <Entity ID="13645" Type="simple" Visible="true">
      <StretchedBody L="10" Normal="0,0,1" Array="-46767027.4720595,49017218.7012659,2249688.87851631;-46767027.4720595,49017169.7012659,2249688.87851631;-46767063.4720595,49017169.7012659,2249688.87851631" />
      <Color R="213" G="235" B="218" A="0" />
      <TransformMatrix Value="-0.965925826322025,0.258819044979523,-8.12790610573509E-12,0,-7.85097027046525E-12,2.10359774663936E-12,1,0,0.258819044979523,0.965925826322025,6.12358926710465E-17,0,-45756376.1430879,9930729.2626453,-49016935.701646,1" />
    </Entity>
    <Entity ID="13646" Type="simple" Visible="true">
      <StretchedBody L="10" Normal="0,0,1" Array="-46767027.4720595,49017218.7012659,2249688.87851631;-46767027.4720595,49017169.7012659,2249688.87851631;-46767063.4720595,49017169.7012659,2249688.87851631" />
      <Color R="213" G="235" B="218" A="0" />
      <TransformMatrix Value="0.965925826256111,-0.25881904522552,-8.128028570415E-12,0,7.85105686369611E-12,-2.10374774349076E-12,1,0,0.25881904522552,0.965925826256111,6.12358926554522E-17,0,44590428.615522,-14277624.1111566,-49016935.701646,1" />
    </Entity>
    <Entity ID="13647" Type="simple" Visible="true">
      <StretchedBody L="10" Normal="0,0,1" Array="-46767027.4720595,49017218.7012659,2249688.87851631;-46767027.4720595,49017169.7012659,2249688.87851631;-46767063.4720595,49017169.7012659,2249688.87851631" />
      <Color R="213" G="235" B="218" A="0" />
      <TransformMatrix Value="-0.25881904522552,-0.965925826256111,-8.128028570415E-12,0,-2.10374774349076E-12,-7.85105686369611E-12,1,0,0.965925826256111,-0.25881904522552,6.12358926554522E-17,0,-14277924.2519877,-44591548.7563531,-49016935.701646,1" />
    </Entity>
    <Entity ID="13648" Type="simple" Visible="true">
      <StretchedBody L="10" Normal="0,0,1" Array="-46767027.4720595,49017218.7012659,2249688.87851631;-46767027.4720595,49017169.7012659,2249688.87851631;-46767063.4720595,49017169.7012659,2249688.87851631" />
      <Color R="213" G="235" B="218" A="0" />
      <TransformMatrix Value="0.258819044979523,0.965925826322025,-8.12790610573509E-12,0,2.10359774663936E-12,7.85097027046525E-12,1,0,0.965925826322025,-0.258819044979523,6.12358926710465E-17,0,9930429.1218143,45755256.0022569,-49016935.701646,1" />
    </Entity>
    <Entity ID="13649" Type="simple" Visible="true">
      <StretchedBody L="10" Normal="0,0,1" Array="-46767027.4720595,49017218.7012659,2249688.87851631;-46767027.4720595,49017169.7012659,2249688.87851631;-46767063.4720595,49017169.7012659,2249688.87851631" />
      <Color R="213" G="235" B="218" A="0" />
      <TransformMatrix Value="-0.866025403848107,-0.499999999889723,-8.128028570415E-12,0,-7.03910984312892E-12,-4.06396125247249E-12,1,0,0.499999999889723,-0.866025403848107,6.12358926554522E-17,0,-41626921.6507297,-21435591.6809965,-49016935.701646,1" />
    </Entity>
    <Entity ID="13650" Type="simple" Visible="true">
      <StretchedBody L="10" Normal="0,0,1" Array="-46767027.4720595,49017218.7012659,2249688.87851631;-46767027.4720595,49017169.7012659,2249688.87851631;-46767063.4720595,49017169.7012659,2249688.87851631" />
      <Color R="213" G="235" B="218" A="0" />
      <TransformMatrix Value="-0.500000000110277,0.86602540372077,-8.12790610573509E-12,0,-4.06400608560253E-12,7.03894254867739E-12,1,0,0.86602540372077,0.500000000110277,6.12358926710465E-17,0,-25332475.9312092,39376107.6254271,-49016935.701646,1" />
    </Entity>
    <Entity ID="13651" Type="simple" Visible="true">
      <StretchedBody L="10" Normal="0,0,1" Array="-46767027.4720595,49017218.7012659,2249688.87851631;-46767027.4720595,49017169.7012659,2249688.87851631;-46767063.4720595,49017169.7012659,2249688.87851631" />
      <Color R="213" G="235" B="218" A="0" />
      <TransformMatrix Value="0.86602540372077,0.500000000110277,-8.12790610573509E-12,0,7.03894254867739E-12,4.06400608560253E-12,1,0,0.500000000110277,-0.86602540372077,6.12358926710465E-17,0,39375807.484596,25331355.7903781,-49016935.701646,1" />
    </Entity>
    <Entity ID="13652" Type="simple" Visible="true">
      <StretchedBody L="10" Normal="0,0,1" Array="-46767027.4720595,49017218.7012659,2249688.87851631;-46767027.4720595,49017169.7012659,2249688.87851631;-46767063.4720595,49017169.7012659,2249688.87851631" />
      <Color R="213" G="235" B="218" A="0" />
      <TransformMatrix Value="0.499999999889722,-0.866025403848107,-8.128028570415E-12,0,4.06396125247249E-12,-7.03910984312892E-12,1,0,0.866025403848107,0.499999999889722,6.12358926554522E-17,0,21434471.5401654,-41626621.5098986,-49016935.701646,1" />
    </Entity>
    <Entity ID="13653" Type="simple" Visible="true">
      <Cylinder R="122.5" H="10" />
      <Color R="213" G="235" B="218" A="0" />
      <TransformMatrix Value="0.866025403784439,0.5,-2.44929359829471E-16,0,-0.5,0.866025403784439,0,0,-2.12115047744982E-16,-1.22464679914735E-16,-1,0,-710.14083109796,-410,2764,1" />
    </Entity>
    <Entity ID="13654" Type="simple" Visible="true">
      <StretchedBody L="10" Normal="0,0,1" Array="-46767027.4720595,49017218.7012659,2249688.87851631;-46767027.4720595,49017169.7012659,2249688.87851631;-46767063.4720595,49017169.7012659,2249688.87851631" />
      <Color R="213" G="235" B="218" A="0" />
      <TransformMatrix Value="-0.965925826322025,0.258819044979523,8.12807929694636E-12,0,-7.851182385513E-12,2.10347528195944E-12,-1,0,0.258819044979523,0.965925826322025,-2.34427103896092E-16,0,-45756376.1430879,9930729.2626453,49019923.7016459,1" />
    </Entity>
    <Entity ID="13655" Type="simple" Visible="true">
      <StretchedBody L="10" Normal="0,0,1" Array="-46767027.4720595,49017218.7012659,2249688.87851631;-46767027.4720595,49017169.7012659,2249688.87851631;-46767063.4720595,49017169.7012659,2249688.87851631" />
      <Color R="213" G="235" B="218" A="0" />
      <TransformMatrix Value="0.965925826256111,-0.25881904522552,8.12785537920377E-12,0,7.85084474864836E-12,-2.10387020817068E-12,-1,0,0.25881904522552,0.965925826256111,-2.34427103924605E-16,0,44590428.615522,-14277624.1111566,49019923.7016459,1" />
    </Entity>
    <Entity ID="13656" Type="simple" Visible="true">
      <StretchedBody L="10" Normal="0,0,1" Array="-46767027.4720595,49017218.7012659,2249688.87851631;-46767027.4720595,49017169.7012659,2249688.87851631;-46767063.4720595,49017169.7012659,2249688.87851631" />
      <Color R="213" G="235" B="218" A="0" />
      <TransformMatrix Value="-0.25881904522552,-0.965925826256111,8.12820176162627E-12,0,-2.10395985853851E-12,-7.85117932837602E-12,-1,0,0.965925826256111,-0.25881904522552,-2.34427103880497E-16,0,-14277924.2519877,-44591548.7563531,49019923.7016459,1" />
    </Entity>
    <Entity ID="13657" Type="simple" Visible="true">
      <StretchedBody L="10" Normal="0,0,1" Array="-46767027.4720595,49017218.7012659,2249688.87851631;-46767027.4720595,49017169.7012659,2249688.87851631;-46767063.4720595,49017169.7012659,2249688.87851631" />
      <Color R="213" G="235" B="218" A="0" />
      <TransformMatrix Value="0.258819044979523,0.965925826322025,8.12773291452387E-12,0,2.10338563159161E-12,7.85084780578534E-12,-1,0,0.965925826322025,-0.258819044979523,-2.34427103940199E-16,0,9930429.1218143,45755256.0022569,49019923.7016459,1" />
    </Entity>
    <Entity ID="13658" Type="simple" Visible="true">
      <StretchedBody L="10" Normal="0,0,1" Array="-46767027.4720595,49017218.7012659,2249688.87851631;-46767027.4720595,49017169.7012659,2249688.87851631;-46767063.4720595,49017169.7012659,2249688.87851631" />
      <Color R="213" G="235" B="218" A="0" />
      <TransformMatrix Value="-0.866025403848107,-0.499999999889723,8.12827349977483E-12,0,-7.03932195817666E-12,-4.0640837171524E-12,-1,0,0.499999999889723,-0.866025403848107,-6.12358926242636E-17,0,-41626921.6507297,-21435591.6809965,49019923.7016459,1" />
    </Entity>
    <Entity ID="13659" Type="simple" Visible="true">
      <StretchedBody L="10" Normal="0,0,1" Array="-46767027.4720595,49017218.7012659,2249688.87851631;-46767027.4720595,49017169.7012659,2249688.87851631;-46767063.4720595,49017169.7012659,2249688.87851631" />
      <Color R="213" G="235" B="218" A="0" />
      <TransformMatrix Value="-0.500000000110277,0.86602540372077,8.12790610573512E-12,0,-4.06421820065028E-12,7.03882008399748E-12,-1,0,0.86602540372077,0.500000000110277,-3.06165252500517E-16,0,-25332475.9312092,39376107.6254271,49019923.7016459,1" />
    </Entity>
    <Entity ID="13660" Type="simple" Visible="true">
      <StretchedBody L="10" Normal="0,0,1" Array="-46767027.4720595,49017218.7012659,2249688.87851631;-46767027.4720595,49017169.7012659,2249688.87851631;-46767063.4720595,49017169.7012659,2249688.87851631" />
      <Color R="213" G="235" B="218" A="0" />
      <TransformMatrix Value="0.86602540372077,0.500000000110277,8.12766117637526E-12,0,7.03873043362964E-12,4.06388362092262E-12,-1,0,0.500000000110277,-0.86602540372077,-6.12358927022351E-17,0,39375807.484596,25331355.7903781,49019923.7016459,1" />
    </Entity>
    <Entity ID="13661" Type="simple" Visible="true">
      <StretchedBody L="10" Normal="0,0,1" Array="-46767027.4720595,49017218.7012659,2249688.87851631;-46767027.4720595,49017169.7012659,2249688.87851631;-46767063.4720595,49017169.7012659,2249688.87851631" />
      <Color R="213" G="235" B="218" A="0" />
      <TransformMatrix Value="0.499999999889722,-0.866025403848107,8.12802857041503E-12,0,4.06374913742474E-12,-7.03923230780883E-12,-1,0,0.866025403848107,0.499999999889722,-3.06165252484923E-16,0,21434471.5401654,-41626621.5098986,49019923.7016459,1" />
    </Entity>
    <Entity ID="13662" Type="simple" Visible="true">
      <Cylinder R="75" H="30" />
      <Color R="138" G="149" B="151" A="0" />
      <TransformMatrix Value="0.866025403784439,0.5,0,0,-0.5,0.866025403784439,0,0,0,0,1,0,-710.14083109796,-410,2764,1" />
    </Entity>
    <Entity ID="13663" Type="simple" Visible="true">
      <TruncatedCone BR="75" TR="65" H="20" />
      <Color R="138" G="149" B="151" A="0" />
      <TransformMatrix Value="0.866025403784439,0.5,0,0,-0.5,0.866025403784439,0,0,0,0,1,0,-710.14083109796,-410,2794,1" />
    </Entity>
    <Entity ID="13664" Type="simple" Visible="true">
      <Cylinder R="65" H="21" />
      <Color R="138" G="149" B="151" A="0" />
      <TransformMatrix Value="0.866025403784439,0.5,0,0,-0.5,0.866025403784439,0,0,0,0,1,0,-710.14083109796,-410,2814,1" />
    </Entity>
    <Entity ID="13665" Type="simple" Visible="true">
      <Cylinder R="75" H="30" />
      <Color R="138" G="149" B="151" A="0" />
      <TransformMatrix Value="0.866025403784439,0.5,0,0,-0.5,0.866025403784439,0,0,0,0,-1,0,-710.14083109796,-410,3490,1" />
    </Entity>
    <Entity ID="13666" Type="simple" Visible="true">
      <TruncatedCone BR="75" TR="65" H="20" />
      <Color R="138" G="149" B="151" A="0" />
      <TransformMatrix Value="0.866025403784439,0.5,0,0,-0.5,0.866025403784439,0,0,0,0,-1,0,-710.14083109796,-410,3460,1" />
    </Entity>
    <Entity ID="13667" Type="simple" Visible="true">
      <Cylinder R="65" H="21" />
      <Color R="138" G="149" B="151" A="0" />
      <TransformMatrix Value="0.866025403784439,0.5,0,0,-0.5,0.866025403784439,0,0,0,0,-1,0,-710.14083109796,-410,3440,1" />
    </Entity>
    <Entity ID="13668" Type="simple" Visible="true">
      <Cylinder R="58" H="10" />
      <Color R="138" G="149" B="151" A="0" />
      <TransformMatrix Value="0.866025403784439,0.5,0,0,-0.5,0.866025403784439,0,0,0,0,1,0,-710.14083109796,-410,3490,1" />
    </Entity>
    <Entity ID="13669" Type="simple" Visible="true">
      <CircularGasket OR="945" IR="800" H="1185" Rad="6.28318530717959" />
      <Color R="138" G="149" B="151" A="0" />
      <TransformMatrix Value="6.12323399573677E-17,-1,0,0,1,6.12323399573677E-17,0,0,0,0,1,0,0,0,3580,1" />
    </Entity>
    <Entity ID="13670" Type="simple" Visible="true">
      <Cuboid L="2098" W="50" H="80" />
      <Color R="138" G="149" B="151" A="0" />
      <TransformMatrix Value="0.866025403784439,0.5,0,0,-0.5,0.866025403784439,0,0,0,0,1,0,0,0,3500,1" />
    </Entity>
    <Entity ID="13671" Type="simple" Visible="true">
      <PorcelainBushing R1="86" R2="86" R="38" H="584" N="8" />
      <Color R="91" G="58" B="41" A="0" />
      <TransformMatrix Value="0.866025403784439,0.5,0,0,-0.5,0.866025403784439,0,0,0,0,1,0,-710.14083109796,-410,2835,1" />
    </Entity>
    <Entity ID="13672" Type="simple" Visible="true">
      <Cuboid L="245" W="245" H="24" />
      <Color R="255" G="255" B="255" A="0" />
      <TransformMatrix Value="6.12323399573677E-17,-1,0,0,1,6.12323399573677E-17,0,0,0,0,1,0,-5.02105187650415E-14,820,200,1" />
    </Entity>
    <Entity ID="13673" Type="simple" Visible="true">
      <Cylinder R="122.5" H="10" />
      <Color R="213" G="235" B="218" A="0" />
      <TransformMatrix Value="6.12323399573677E-17,-1,0,0,1,6.12323399573677E-17,0,0,0,0,1,0,-5.02105187650415E-14,820,224,1" />
    </Entity>
    <Entity ID="13674" Type="simple" Visible="true">
      <Cylinder R="80" H="2520" />
      <Color R="213" G="235" B="218" A="0" />
      <TransformMatrix Value="6.12323399573677E-17,-1,0,0,1,6.12323399573677E-17,0,0,0,0,1,0,-5.02105187650415E-14,820,234,1" />
    </Entity>
    <Entity ID="13675" Type="simple" Visible="true">
      <StretchedBody L="10" Normal="0,0,1" Array="-46767027.4720595,49017218.7012659,2249688.87851631;-46767027.4720595,49017169.7012659,2249688.87851631;-46767063.4720595,49017169.7012659,2249688.87851631" />
      <Color R="213" G="235" B="218" A="0" />
      <TransformMatrix Value="0.707106781096507,0.707106781276588,-8.12790610573509E-12,0,5.74725422316601E-12,5.74734082525962E-12,1,0,0.707106781276588,-0.707106781096507,6.12358926710465E-17,0,31478451.8911003,34660819.4937077,-49016935.701646,1" />
    </Entity>
    <Entity ID="13676" Type="simple" Visible="true">
      <StretchedBody L="10" Normal="0,0,1" Array="-46767027.4720595,49017218.7012659,2249688.87851631;-46767027.4720595,49017169.7012659,2249688.87851631;-46767063.4720595,49017169.7012659,2249688.87851631" />
      <Color R="213" G="235" B="218" A="0" />
      <TransformMatrix Value="-0.707106781276589,-0.707106781096506,-8.128028570415E-12,0,-5.74742742086524E-12,-5.74734081877163E-12,1,0,0.707106781096506,-0.707106781276589,6.12358926554522E-17,0,-34659999.4937078,-31477631.8911003,-49016935.701646,1" />
    </Entity>
    <Entity ID="13677" Type="simple" Visible="true">
      <StretchedBody L="10" Normal="0,0,1" Array="-46767027.4720595,49017218.7012659,2249688.87851631;-46767027.4720595,49017169.7012659,2249688.87851631;-46767063.4720595,49017169.7012659,2249688.87851631" />
      <Color R="213" G="235" B="218" A="0" />
      <TransformMatrix Value="-0.707106781096506,0.707106781276589,-8.128028570415E-12,0,-5.74734081877163E-12,5.74742742086524E-12,1,0,-0.707106781276589,-0.707106781096506,6.12358926554522E-17,0,-31478451.8911003,34660819.4937078,-49016935.701646,1" />
    </Entity>
    <Entity ID="13678" Type="simple" Visible="true">
      <StretchedBody L="10" Normal="0,0,1" Array="-46767027.4720595,49017218.7012659,2249688.87851631;-46767027.4720595,49017169.7012659,2249688.87851631;-46767063.4720595,49017169.7012659,2249688.87851631" />
      <Color R="213" G="235" B="218" A="0" />
      <TransformMatrix Value="0.707106781276588,-0.707106781096507,-8.12790610573509E-12,0,5.74734082525962E-12,-5.74725422316601E-12,1,0,-0.707106781096507,-0.707106781276588,6.12358926710465E-17,0,34659999.4937078,-31477631.8911004,-49016935.701646,1" />
    </Entity>
    <Entity ID="13679" Type="simple" Visible="true">
      <StretchedBody L="10" Normal="0,0,1" Array="-46767027.4720595,49017218.7012659,2249688.87851631;-46767027.4720595,49017169.7012659,2249688.87851631;-46767063.4720595,49017169.7012659,2249688.87851631" />
      <Color R="213" G="235" B="218" A="0" />
      <TransformMatrix Value="1.27337134424176E-10,1,-8.128028570415E-12,0,6.12369276553188E-17,8.12802857041498E-12,1,0,-1,1.27337134424176E-10,6.12358926554522E-17,0,2249693.8844715,46767767.4713746,-49016935.701646,1" />
    </Entity>
    <Entity ID="13680" Type="simple" Visible="true">
      <StretchedBody L="10" Normal="0,0,1" Array="-46767027.4720595,49017218.7012659,2249688.87851631;-46767027.4720595,49017169.7012659,2249688.87851631;-46767063.4720595,49017169.7012659,2249688.87851631" />
      <Color R="213" G="235" B="218" A="0" />
      <TransformMatrix Value="1,1.27337195656516E-10,-8.12790610573509E-12,0,8.12790610573507E-12,6.12369276558165E-17,1,0,1.27337195656516E-10,-1,6.12358926710465E-17,0,46766947.4713746,2250513.8844715,-49016935.701646,1" />
    </Entity>
    <Entity ID="13681" Type="simple" Visible="true">
      <StretchedBody L="10" Normal="0,0,1" Array="-46767027.4720595,49017218.7012659,2249688.87851631;-46767027.4720595,49017169.7012659,2249688.87851631;-46767063.4720595,49017169.7012659,2249688.87851631" />
      <Color R="213" G="235" B="218" A="0" />
      <TransformMatrix Value="1.27337256888856E-10,-1,-8.12790610573509E-12,0,6.12369276563142E-17,-8.12790610573507E-12,1,0,-1,-1.27337256888856E-10,6.12358926710465E-17,0,2249693.8844715,-46766127.4713746,-49016935.701646,1" />
    </Entity>
    <Entity ID="13682" Type="simple" Visible="true">
      <StretchedBody L="10" Normal="0,0,1" Array="-46767027.4720595,49017218.7012659,2249688.87851631;-46767027.4720595,49017169.7012659,2249688.87851631;-46767063.4720595,49017169.7012659,2249688.87851631" />
      <Color R="213" G="235" B="218" A="0" />
      <TransformMatrix Value="-1,1.27337195656516E-10,-8.128028570415E-12,0,-8.12802857041498E-12,6.12369276558165E-17,1,0,-1.27337195656516E-10,-1,6.12358926554522E-17,0,-46766947.4713746,2250513.8844715,-49016935.701646,1" />
    </Entity>
    <Entity ID="13683" Type="simple" Visible="true">
      <Cylinder R="122.5" H="10" />
      <Color R="213" G="235" B="218" A="0" />
      <TransformMatrix Value="6.12323399573677E-17,-1,-2.44929359829471E-16,0,1,6.12323399573677E-17,0,0,-1.49975978266186E-32,2.44929359829471E-16,-1,0,-5.02105187650415E-14,820,2764,1" />
    </Entity>
    <Entity ID="13684" Type="simple" Visible="true">
      <StretchedBody L="10" Normal="0,0,1" Array="-46767027.4720595,49017218.7012659,2249688.87851631;-46767027.4720595,49017169.7012659,2249688.87851631;-46767063.4720595,49017169.7012659,2249688.87851631" />
      <Color R="213" G="235" B="218" A="0" />
      <TransformMatrix Value="0.707106781096507,0.707106781276588,8.12807929694636E-12,0,5.74725422316601E-12,5.74758575461945E-12,-1,0,0.707106781276588,-0.707106781096507,-2.34427103896092E-16,0,31478451.8911003,34660819.4937077,49019923.7016459,1" />
    </Entity>
    <Entity ID="13685" Type="simple" Visible="true">
      <StretchedBody L="10" Normal="0,0,1" Array="-46767027.4720595,49017218.7012659,2249688.87851631;-46767027.4720595,49017169.7012659,2249688.87851631;-46767063.4720595,49017169.7012659,2249688.87851631" />
      <Color R="213" G="235" B="218" A="0" />
      <TransformMatrix Value="-0.707106781276589,-0.707106781096506,8.12785537920377E-12,0,-5.74742742086524E-12,-5.7470958894118E-12,-1,0,0.707106781096506,-0.707106781276589,-2.34427103924605E-16,0,-34659999.4937078,-31477631.8911003,49019923.7016459,1" />
    </Entity>
    <Entity ID="13686" Type="simple" Visible="true">
      <StretchedBody L="10" Normal="0,0,1" Array="-46767027.4720595,49017218.7012659,2249688.87851631;-46767027.4720595,49017169.7012659,2249688.87851631;-46767063.4720595,49017169.7012659,2249688.87851631" />
      <Color R="213" G="235" B="218" A="0" />
      <TransformMatrix Value="-0.707106781096506,0.707106781276589,8.12820176162627E-12,0,-5.74734081877163E-12,5.74767235022507E-12,-1,0,-0.707106781276589,-0.707106781096506,-2.34427103880497E-16,0,-31478451.8911003,34660819.4937078,49019923.7016459,1" />
    </Entity>
    <Entity ID="13687" Type="simple" Visible="true">
      <StretchedBody L="10" Normal="0,0,1" Array="-46767027.4720595,49017218.7012659,2249688.87851631;-46767027.4720595,49017169.7012659,2249688.87851631;-46767063.4720595,49017169.7012659,2249688.87851631" />
      <Color R="213" G="235" B="218" A="0" />
      <TransformMatrix Value="0.707106781276588,-0.707106781096507,8.12773291452387E-12,0,5.74734082525962E-12,-5.74700929380618E-12,-1,0,-0.707106781096507,-0.707106781276588,-2.34427103940199E-16,0,34659999.4937078,-31477631.8911004,49019923.7016459,1" />
    </Entity>
    <Entity ID="13688" Type="simple" Visible="true">
      <StretchedBody L="10" Normal="0,0,1" Array="-46767027.4720595,49017218.7012659,2249688.87851631;-46767027.4720595,49017169.7012659,2249688.87851631;-46767063.4720595,49017169.7012659,2249688.87851631" />
      <Color R="213" G="235" B="218" A="0" />
      <TransformMatrix Value="1.27337134424176E-10,1,8.12827349977483E-12,0,6.12369276553188E-17,8.12827349977481E-12,-1,0,-1,1.27337134424176E-10,-6.12358926242636E-17,0,2249693.8844715,46767767.4713746,49019923.7016459,1" />
    </Entity>
    <Entity ID="13689" Type="simple" Visible="true">
      <StretchedBody L="10" Normal="0,0,1" Array="-46767027.4720595,49017218.7012659,2249688.87851631;-46767027.4720595,49017169.7012659,2249688.87851631;-46767063.4720595,49017169.7012659,2249688.87851631" />
      <Color R="213" G="235" B="218" A="0" />
      <TransformMatrix Value="1,1.27337195656516E-10,8.12790610573512E-12,0,8.12790610573507E-12,3.06166287485287E-16,-1,0,1.27337195656516E-10,-1,-3.06165252500517E-16,0,46766947.4713746,2250513.8844715,49019923.7016459,1" />
    </Entity>
    <Entity ID="13690" Type="simple" Visible="true">
      <StretchedBody L="10" Normal="0,0,1" Array="-46767027.4720595,49017218.7012659,2249688.87851631;-46767027.4720595,49017169.7012659,2249688.87851631;-46767063.4720595,49017169.7012659,2249688.87851631" />
      <Color R="213" G="235" B="218" A="0" />
      <TransformMatrix Value="1.27337256888856E-10,-1,8.12766117637526E-12,0,6.12369276563142E-17,-8.12766117637524E-12,-1,0,-1,-1.27337256888856E-10,-6.12358927022351E-17,0,2249693.8844715,-46766127.4713746,49019923.7016459,1" />
    </Entity>
    <Entity ID="13691" Type="simple" Visible="true">
      <StretchedBody L="10" Normal="0,0,1" Array="-46767027.4720595,49017218.7012659,2249688.87851631;-46767027.4720595,49017169.7012659,2249688.87851631;-46767063.4720595,49017169.7012659,2249688.87851631" />
      <Color R="213" G="235" B="218" A="0" />
      <TransformMatrix Value="-1,1.27337195656516E-10,8.12802857041503E-12,0,-8.12802857041498E-12,3.06166287485287E-16,-1,0,-1.27337195656516E-10,-1,-3.06165252484923E-16,0,-46766947.4713746,2250513.8844715,49019923.7016459,1" />
    </Entity>
    <Entity ID="13692" Type="simple" Visible="true">
      <Cylinder R="75" H="30" />
      <Color R="138" G="149" B="151" A="0" />
      <TransformMatrix Value="6.12323399573677E-17,-1,0,0,1,6.12323399573677E-17,0,0,0,0,1,0,-5.02105187650415E-14,820,2764,1" />
    </Entity>
    <Entity ID="13693" Type="simple" Visible="true">
      <TruncatedCone BR="75" TR="65" H="20" />
      <Color R="138" G="149" B="151" A="0" />
      <TransformMatrix Value="6.12323399573677E-17,-1,0,0,1,6.12323399573677E-17,0,0,0,0,1,0,-5.02105187650415E-14,820,2794,1" />
    </Entity>
    <Entity ID="13694" Type="simple" Visible="true">
      <Cylinder R="65" H="21" />
      <Color R="138" G="149" B="151" A="0" />
      <TransformMatrix Value="6.12323399573677E-17,-1,0,0,1,6.12323399573677E-17,0,0,0,0,1,0,-5.02105187650415E-14,820,2814,1" />
    </Entity>
    <Entity ID="13695" Type="simple" Visible="true">
      <Cylinder R="75" H="30" />
      <Color R="138" G="149" B="151" A="0" />
      <TransformMatrix Value="6.12323399573677E-17,-1,0,0,1,6.12323399573677E-17,0,0,0,0,-1,0,-5.02105187650415E-14,820,3490,1" />
    </Entity>
    <Entity ID="13696" Type="simple" Visible="true">
      <TruncatedCone BR="75" TR="65" H="20" />
      <Color R="138" G="149" B="151" A="0" />
      <TransformMatrix Value="6.12323399573677E-17,-1,0,0,1,6.12323399573677E-17,0,0,0,0,-1,0,-5.02105187650415E-14,820,3460,1" />
    </Entity>
    <Entity ID="13697" Type="simple" Visible="true">
      <Cylinder R="65" H="21" />
      <Color R="138" G="149" B="151" A="0" />
      <TransformMatrix Value="6.12323399573677E-17,-1,0,0,1,6.12323399573677E-17,0,0,0,0,-1,0,-5.02105187650415E-14,820,3440,1" />
    </Entity>
    <Entity ID="13698" Type="simple" Visible="true">
      <Cylinder R="58" H="10" />
      <Color R="138" G="149" B="151" A="0" />
      <TransformMatrix Value="6.12323399573677E-17,-1,0,0,1,6.12323399573677E-17,0,0,0,0,1,0,-5.02105187650415E-14,820,3490,1" />
    </Entity>
    <Entity ID="13699" Type="simple" Visible="true">
      <Cuboid L="2098" W="50" H="80" />
      <Color R="138" G="149" B="151" A="0" />
      <TransformMatrix Value="6.12323399573677E-17,-1,0,0,1,6.12323399573677E-17,0,0,0,0,1,0,0,0,3500,1" />
    </Entity>
    <Entity ID="13700" Type="simple" Visible="true">
      <PorcelainBushing R1="86" R2="86" R="38" H="584" N="8" />
      <Color R="91" G="58" B="41" A="0" />
      <TransformMatrix Value="6.12323399573677E-17,-1,0,0,1,6.12323399573677E-17,0,0,0,0,1,0,-5.02105187650415E-14,820,2835,1" />
    </Entity>
    <Entity ID="13701" Type="simple" Visible="true">
      <Cuboid L="245" W="245" H="24" />
      <Color R="255" G="255" B="255" A="0" />
      <TransformMatrix Value="-0.866025403784439,0.5,0,0,-0.5,-0.866025403784439,0,0,0,0,1,0,710.14083109796,-410,200,1" />
    </Entity>
    <Entity ID="13702" Type="simple" Visible="true">
      <Cylinder R="122.5" H="10" />
      <Color R="213" G="235" B="218" A="0" />
      <TransformMatrix Value="-0.866025403784439,0.5,0,0,-0.5,-0.866025403784439,0,0,0,0,1,0,710.14083109796,-410,224,1" />
    </Entity>
    <Entity ID="13703" Type="simple" Visible="true">
      <Cylinder R="80" H="2520" />
      <Color R="213" G="235" B="218" A="0" />
      <TransformMatrix Value="-0.866025403784439,0.5,0,0,-0.5,-0.866025403784439,0,0,0,0,1,0,710.14083109796,-410,234,1" />
    </Entity>
    <Entity ID="13704" Type="simple" Visible="true">
      <StretchedBody L="10" Normal="0,0,1" Array="-46767027.4720595,49017218.7012659,2249688.87851631;-46767027.4720595,49017169.7012659,2249688.87851631;-46767063.4720595,49017169.7012659,2249688.87851631" />
      <Color R="213" G="235" B="218" A="0" />
      <TransformMatrix Value="0.258819045225519,-0.965925826256111,-8.12790610573509E-12,0,2.10371604729925E-12,-7.85093857189897E-12,1,0,-0.965925826256111,-0.258819045225519,6.12358926710465E-17,0,14277924.2519876,-44591548.756353,-49016935.701646,1" />
    </Entity>
    <Entity ID="13705" Type="simple" Visible="true">
      <StretchedBody L="10" Normal="0,0,1" Array="-46767027.4720595,49017218.7012659,2249688.87851631;-46767027.4720595,49017169.7012659,2249688.87851631;-46767063.4720595,49017169.7012659,2249688.87851631" />
      <Color R="213" G="235" B="218" A="0" />
      <TransformMatrix Value="-0.258819044979522,0.965925826322026,-8.128028570415E-12,0,-2.10362944283087E-12,7.85108856226239E-12,1,0,-0.965925826322026,-0.258819044979522,6.12358926554522E-17,0,-9930429.1218142,45755256.0022569,-49016935.701646,1" />
    </Entity>
    <Entity ID="13706" Type="simple" Visible="true">
      <StretchedBody L="10" Normal="0,0,1" Array="-46767027.4720595,49017218.7012659,2249688.87851631;-46767027.4720595,49017169.7012659,2249688.87851631;-46767063.4720595,49017169.7012659,2249688.87851631" />
      <Color R="213" G="235" B="218" A="0" />
      <TransformMatrix Value="0.965925826322026,0.258819044979522,-8.128028570415E-12,0,7.85108856226239E-12,2.10362944283087E-12,1,0,-0.258819044979522,0.965925826322026,6.12358926554522E-17,0,45756376.143088,9930729.2626453,-49016935.701646,1" />
    </Entity>
    <Entity ID="13707" Type="simple" Visible="true">
      <StretchedBody L="10" Normal="0,0,1" Array="-46767027.4720595,49017218.7012659,2249688.87851631;-46767027.4720595,49017169.7012659,2249688.87851631;-46767063.4720595,49017169.7012659,2249688.87851631" />
      <Color R="213" G="235" B="218" A="0" />
      <TransformMatrix Value="-0.965925826256111,-0.258819045225519,-8.12790610573509E-12,0,-7.85093857189897E-12,-2.10371604729925E-12,1,0,-0.258819045225519,0.965925826256111,6.12358926710465E-17,0,-44590428.615522,-14277624.1111565,-49016935.701646,1" />
    </Entity>
    <Entity ID="13708" Type="simple" Visible="true">
      <StretchedBody L="10" Normal="0,0,1" Array="-46767027.4720595,49017218.7012659,2249688.87851631;-46767027.4720595,49017169.7012659,2249688.87851631;-46767063.4720595,49017169.7012659,2249688.87851631" />
      <Color R="213" G="235" B="218" A="0" />
      <TransformMatrix Value="0.86602540372077,-0.500000000110277,-8.128028570415E-12,0,7.03904860620126E-12,-4.06406731794249E-12,1,0,0.500000000110277,0.86602540372077,6.12358926554522E-17,0,39377227.7662582,-25332175.7903781,-49016935.701646,1" />
    </Entity>
    <Entity ID="13709" Type="simple" Visible="true">
      <StretchedBody L="10" Normal="0,0,1" Array="-46767027.4720595,49017218.7012659,2249688.87851631;-46767027.4720595,49017169.7012659,2249688.87851631;-46767063.4720595,49017169.7012659,2249688.87851631" />
      <Color R="213" G="235" B="218" A="0" />
      <TransformMatrix Value="-0.499999999889723,-0.866025403848107,-8.12790610573509E-12,0,-4.06390002013253E-12,-7.03900378560505E-12,1,0,-0.866025403848107,0.499999999889723,6.12358926710465E-17,0,-21434471.5401654,-41626621.5098986,-49016935.701646,1" />
    </Entity>
    <Entity ID="13710" Type="simple" Visible="true">
      <StretchedBody L="10" Normal="0,0,1" Array="-46767027.4720595,49017218.7012659,2249688.87851631;-46767027.4720595,49017169.7012659,2249688.87851631;-46767063.4720595,49017169.7012659,2249688.87851631" />
      <Color R="213" G="235" B="218" A="0" />
      <TransformMatrix Value="-0.866025403848107,0.499999999889723,-8.12790610573509E-12,0,-7.03900378560505E-12,4.06390002013253E-12,1,0,0.499999999889723,0.866025403848107,6.12358926710465E-17,0,-41625501.3690675,21434771.6809965,-49016935.701646,1" />
    </Entity>
    <Entity ID="13711" Type="simple" Visible="true">
      <StretchedBody L="10" Normal="0,0,1" Array="-46767027.4720595,49017218.7012659,2249688.87851631;-46767027.4720595,49017169.7012659,2249688.87851631;-46767063.4720595,49017169.7012659,2249688.87851631" />
      <Color R="213" G="235" B="218" A="0" />
      <TransformMatrix Value="0.500000000110277,0.86602540372077,-8.128028570415E-12,0,4.06406731794249E-12,7.03904860620126E-12,1,0,-0.86602540372077,0.500000000110277,6.12358926554522E-17,0,25332475.9312092,39376107.6254271,-49016935.701646,1" />
    </Entity>
    <Entity ID="13712" Type="simple" Visible="true">
      <Cylinder R="122.5" H="10" />
      <Color R="213" G="235" B="218" A="0" />
      <TransformMatrix Value="-0.866025403784439,0.5,-2.44929359829471E-16,0,-0.5,-0.866025403784439,0,0,2.12115047744982E-16,-1.22464679914735E-16,-1,0,710.14083109796,-410,2764,1" />
    </Entity>
    <Entity ID="13713" Type="simple" Visible="true">
      <StretchedBody L="10" Normal="0,0,1" Array="-46767027.4720595,49017218.7012659,2249688.87851631;-46767027.4720595,49017169.7012659,2249688.87851631;-46767063.4720595,49017169.7012659,2249688.87851631" />
      <Color R="213" G="235" B="218" A="0" />
      <TransformMatrix Value="0.258819045225519,-0.965925826256111,8.12807929694636E-12,0,2.10392816234699E-12,-7.85106103657889E-12,-1,0,-0.965925826256111,-0.258819045225519,-2.34427103896092E-16,0,14277924.2519876,-44591548.756353,49019923.7016459,1" />
    </Entity>
    <Entity ID="13714" Type="simple" Visible="true">
      <StretchedBody L="10" Normal="0,0,1" Array="-46767027.4720595,49017218.7012659,2249688.87851631;-46767027.4720595,49017169.7012659,2249688.87851631;-46767063.4720595,49017169.7012659,2249688.87851631" />
      <Color R="213" G="235" B="218" A="0" />
      <TransformMatrix Value="-0.258819044979522,0.965925826322026,8.12785537920377E-12,0,-2.10341732778312E-12,7.85096609758247E-12,-1,0,-0.965925826322026,-0.258819044979522,-2.34427103924605E-16,0,-9930429.1218142,45755256.0022569,49019923.7016459,1" />
    </Entity>
    <Entity ID="13715" Type="simple" Visible="true">
      <StretchedBody L="10" Normal="0,0,1" Array="-46767027.4720595,49017218.7012659,2249688.87851631;-46767027.4720595,49017169.7012659,2249688.87851631;-46767063.4720595,49017169.7012659,2249688.87851631" />
      <Color R="213" G="235" B="218" A="0" />
      <TransformMatrix Value="0.965925826322026,0.258819044979522,8.12820176162627E-12,0,7.85130067731013E-12,2.10350697815095E-12,-1,0,-0.258819044979522,0.965925826322026,-2.34427103880497E-16,0,45756376.143088,9930729.2626453,49019923.7016459,1" />
    </Entity>
    <Entity ID="13716" Type="simple" Visible="true">
      <StretchedBody L="10" Normal="0,0,1" Array="-46767027.4720595,49017218.7012659,2249688.87851631;-46767027.4720595,49017169.7012659,2249688.87851631;-46767063.4720595,49017169.7012659,2249688.87851631" />
      <Color R="213" G="235" B="218" A="0" />
      <TransformMatrix Value="-0.965925826256111,-0.258819045225519,8.12773291452387E-12,0,-7.85072645685123E-12,-2.10383851197916E-12,-1,0,-0.258819045225519,0.965925826256111,-2.34427103940199E-16,0,-44590428.615522,-14277624.1111565,49019923.7016459,1" />
    </Entity>
    <Entity ID="13717" Type="simple" Visible="true">
      <StretchedBody L="10" Normal="0,0,1" Array="-46767027.4720595,49017218.7012659,2249688.87851631;-46767027.4720595,49017169.7012659,2249688.87851631;-46767063.4720595,49017169.7012659,2249688.87851631" />
      <Color R="213" G="235" B="218" A="0" />
      <TransformMatrix Value="0.86602540372077,-0.500000000110277,8.12827349977483E-12,0,7.039260721249E-12,-4.0641897826224E-12,-1,0,0.500000000110277,0.86602540372077,-6.12358926242636E-17,0,39377227.7662582,-25332175.7903781,49019923.7016459,1" />
    </Entity>
    <Entity ID="13718" Type="simple" Visible="true">
      <StretchedBody L="10" Normal="0,0,1" Array="-46767027.4720595,49017218.7012659,2249688.87851631;-46767027.4720595,49017169.7012659,2249688.87851631;-46767063.4720595,49017169.7012659,2249688.87851631" />
      <Color R="213" G="235" B="218" A="0" />
      <TransformMatrix Value="-0.499999999889723,-0.866025403848107,8.12790610573512E-12,0,-4.06368790508479E-12,-7.03912625028496E-12,-1,0,-0.866025403848107,0.499999999889723,-3.06165252500517E-16,0,-21434471.5401654,-41626621.5098986,49019923.7016459,1" />
    </Entity>
    <Entity ID="13719" Type="simple" Visible="true">
      <StretchedBody L="10" Normal="0,0,1" Array="-46767027.4720595,49017218.7012659,2249688.87851631;-46767027.4720595,49017169.7012659,2249688.87851631;-46767063.4720595,49017169.7012659,2249688.87851631" />
      <Color R="213" G="235" B="218" A="0" />
      <TransformMatrix Value="-0.866025403848107,0.499999999889723,8.12766117637526E-12,0,-7.0387916705573E-12,4.06377755545262E-12,-1,0,0.499999999889723,0.866025403848107,-6.12358927022351E-17,0,-41625501.3690675,21434771.6809965,49019923.7016459,1" />
    </Entity>
    <Entity ID="13720" Type="simple" Visible="true">
      <StretchedBody L="10" Normal="0,0,1" Array="-46767027.4720595,49017218.7012659,2249688.87851631;-46767027.4720595,49017169.7012659,2249688.87851631;-46767063.4720595,49017169.7012659,2249688.87851631" />
      <Color R="213" G="235" B="218" A="0" />
      <TransformMatrix Value="0.500000000110277,0.86602540372077,8.12802857041503E-12,0,4.06427943299023E-12,7.03892614152134E-12,-1,0,-0.86602540372077,0.500000000110277,-3.06165252484923E-16,0,25332475.9312092,39376107.6254271,49019923.7016459,1" />
    </Entity>
    <Entity ID="13721" Type="simple" Visible="true">
      <Cylinder R="75" H="30" />
      <Color R="138" G="149" B="151" A="0" />
      <TransformMatrix Value="-0.866025403784439,0.5,0,0,-0.5,-0.866025403784439,0,0,0,0,1,0,710.14083109796,-410,2764,1" />
    </Entity>
    <Entity ID="13722" Type="simple" Visible="true">
      <TruncatedCone BR="75" TR="65" H="20" />
      <Color R="138" G="149" B="151" A="0" />
      <TransformMatrix Value="-0.866025403784439,0.5,0,0,-0.5,-0.866025403784439,0,0,0,0,1,0,710.14083109796,-410,2794,1" />
    </Entity>
    <Entity ID="13723" Type="simple" Visible="true">
      <Cylinder R="65" H="21" />
      <Color R="138" G="149" B="151" A="0" />
      <TransformMatrix Value="-0.866025403784439,0.5,0,0,-0.5,-0.866025403784439,0,0,0,0,1,0,710.14083109796,-410,2814,1" />
    </Entity>
    <Entity ID="13724" Type="simple" Visible="true">
      <Cylinder R="75" H="30" />
      <Color R="138" G="149" B="151" A="0" />
      <TransformMatrix Value="-0.866025403784439,0.5,0,0,-0.5,-0.866025403784439,0,0,0,0,-1,0,710.14083109796,-410,3490,1" />
    </Entity>
    <Entity ID="13725" Type="simple" Visible="true">
      <TruncatedCone BR="75" TR="65" H="20" />
      <Color R="138" G="149" B="151" A="0" />
      <TransformMatrix Value="-0.866025403784439,0.5,0,0,-0.5,-0.866025403784439,0,0,0,0,-1,0,710.14083109796,-410,3460,1" />
    </Entity>
    <Entity ID="13726" Type="simple" Visible="true">
      <Cylinder R="65" H="21" />
      <Color R="138" G="149" B="151" A="0" />
      <TransformMatrix Value="-0.866025403784439,0.5,0,0,-0.5,-0.866025403784439,0,0,0,0,-1,0,710.14083109796,-410,3440,1" />
    </Entity>
    <Entity ID="13727" Type="simple" Visible="true">
      <Cylinder R="58" H="10" />
      <Color R="138" G="149" B="151" A="0" />
      <TransformMatrix Value="-0.866025403784439,0.5,0,0,-0.5,-0.866025403784439,0,0,0,0,1,0,710.14083109796,-410,3490,1" />
    </Entity>
    <Entity ID="13728" Type="simple" Visible="true">
      <Cuboid L="2098" W="50" H="80" />
      <Color R="138" G="149" B="151" A="0" />
      <TransformMatrix Value="-0.866025403784439,0.5,0,0,-0.5,-0.866025403784439,0,0,0,0,1,0,0,0,3500,1" />
    </Entity>
    <Entity ID="13729" Type="simple" Visible="true">
      <PorcelainBushing R1="86" R2="86" R="38" H="584" N="8" />
      <Color R="91" G="58" B="41" A="0" />
      <TransformMatrix Value="-0.866025403784439,0.5,0,0,-0.5,-0.866025403784439,0,0,0,0,1,0,710.14083109796,-410,2835,1" />
    </Entity>
    <Entity ID="13730" Type="simple" Visible="true">
      <TerminalBlock L="100" W="100" T="12" CL="5" CS="50" RS="50" R="7" CN="1" RN="2" BL="25" Phase="A" />
      <Color R="138" G="149" B="151" A="0" />
      <TransformMatrix Value="-1,-6.12323399573676E-17,6.12323399573677E-17,0,6.12323399573677E-17,1.83697019872103E-16,1,0,6.12323399573677E-17,-1,1.83697019872103E-16,0,6.42327246152787E-14,-1049,3540,1" />
    </Entity>
    <Entity ID="13731" Type="simple" Visible="true">
      <Cuboid L="2098" W="50" H="80" />
      <Color R="138" G="149" B="151" A="0" />
      <TransformMatrix Value="0.866025403784439,0.5,0,0,-0.5,0.866025403784439,0,0,0,0,1,0,0,0,4765,1" />
    </Entity>
    <Entity ID="13732" Type="simple" Visible="true">
      <Cuboid L="2098" W="50" H="80" />
      <Color R="138" G="149" B="151" A="0" />
      <TransformMatrix Value="6.12323399573677E-17,-1,0,0,1,6.12323399573677E-17,0,0,0,0,1,0,0,0,4765,1" />
    </Entity>
    <Entity ID="13733" Type="simple" Visible="true">
      <Cuboid L="2098" W="50" H="80" />
      <Color R="138" G="149" B="151" A="0" />
