<?xml version="1.0" encoding="utf-8"?>
<Device>
  <Entities>
    <Entity ID="25406" Type="simple" Visible="true">
      <Cylinder R="10" H="100" />
      <Color R="138" G="149" B="151" A="0" />
      <TransformMatrix Value="1.76418157020102E-16,-0.866025403784439,0.5,0,-0.854858792870895,-0.259430358791776,-0.449346562453178,0,0.518860717583551,-0.427429396435447,-0.740329431274695,0,-3216.12155654094,-12.7000743521044,38.0028259622579,1" />
    </Entity>
    <Entity ID="25407" Type="simple" Visible="true">
      <Cylinder R="10" H="120" />
      <Color R="138" G="149" B="151" A="0" />
      <TransformMatrix Value="0.518860717583551,-0.427429396435447,-0.740329431274695,0,-0.854858792870895,-0.259430358791776,-0.449346562453178,0,-1.76418157020102E-16,0.866025403784439,-0.5,0,-3200,-51.9615242270643,29.9999999999999,1" />
    </Entity>
    <Entity ID="25408" Type="simple" Visible="true">
      <Cylinder R="15" H="8" />
      <Color R="138" G="149" B="151" A="0" />
      <TransformMatrix Value="0.518860717583551,-0.427429396435447,-0.740329431274695,0,-0.854858792870895,-0.259430358791776,-0.449346562453178,0,-1.76418157020102E-16,0.866025403784439,-0.5,0,-3200,-44.1672955930044,25.4999999999999,1" />
    </Entity>
    <Entity ID="25409" Type="simple" Visible="true">
      <Ring R="30" DR="10" Rad="3.14159265358979" />
      <Color R="138" G="149" B="151" A="0" />
      <TransformMatrix Value="-2.71731324568899E-16,0.866025403784439,-0.5,0,0.518860717583551,-0.427429396435447,-0.740329431274695,0,-0.854858792870895,-0.259430358791776,-0.449346562453178,0,-3164.23548478259,-29.4622518821143,-51.0301171652131,1" />
    </Entity>
    <Entity ID="25410" Type="simple" Visible="true">
      <Ring R="30" DR="10" Rad="3.14159265358979" />
      <Color R="138" G="149" B="151" A="0" />
      <TransformMatrix Value="0.854858792870896,0.259430358791775,0.449346562453177,0,-0.51886071758355,0.427429396435448,0.740329431274695,0,-2.28763161240717E-16,0.866025403784439,-0.5,0,-3142.92532106581,-47.0172336079045,-81.4362374402151,1" />
    </Entity>
    <Entity ID="25411" Type="simple" Visible="true">
      <Cylinder R="10" H="120" />
      <Color R="138" G="149" B="151" A="0" />
      <TransformMatrix Value="0.854858792870895,0.259430358791776,0.449346562453178,0,3.33453169681948E-16,-0.866025403784439,0.5,0,0.518860717583551,-0.427429396435447,-0.740329431274695,0,-3168.57108485192,-54.8001443716544,-94.9166343138091,1" />
    </Entity>
    <Entity ID="25412" Type="simple" Visible="true">
      <Cylinder R="10" H="120" />
      <Color R="138" G="149" B="151" A="0" />
      <TransformMatrix Value="0.854858792870895,0.259430358791776,0.449346562453178,0,3.33453169681948E-16,-0.866025403784439,0.5,0,0.518860717583551,-0.427429396435447,-0.740329431274695,0,-3117.27955727968,-39.2343228441441,-67.9558405666201,1" />
    </Entity>
    <Entity ID="25413" Type="simple" Visible="true">
      <Ring R="30" DR="10" Rad="3.14159265358979" />
      <Color R="138" G="149" B="151" A="0" />
      <TransformMatrix Value="0.854858792870895,0.259430358791776,0.449346562453178,0,0.518860717583551,-0.427429396435447,-0.740329431274695,0,-2.28763161240717E-16,0.866025403784439,-0.5,0,-3080.66203495577,-98.3087611801543,-170.275769193177,1" />
    </Entity>
    <Entity ID="25414" Type="simple" Visible="true">
      <Ring R="30" DR="10" Rad="3.14159265358979" />
      <Color R="138" G="149" B="151" A="0" />
      <TransformMatrix Value="-8.11049894713015E-17,0.866025403784439,-0.5,0,-0.518860717583551,0.427429396435447,0.740329431274695,0,-0.854858792870895,-0.259430358791776,-0.449346562453178,0,-3059.90760625243,-115.405937037574,-199.888946444172,1" />
    </Entity>
    <Entity ID="25415" Type="simple" Visible="true">
      <Cylinder R="10" H="100" />
      <Color R="138" G="149" B="151" A="0" />
      <TransformMatrix Value="1.76418157020102E-16,-0.866025403784439,0.5,0,-0.854858792870895,-0.259430358791776,-0.449346562453178,0,-0.518860717583551,0.427429396435447,0.740329431274695,0,-3008.02153449408,-184.129638794645,-258.921889571632,1" />
    </Entity>
    <Entity ID="25416" Type="simple" Visible="true">
      <Cylinder R="10" H="120" />
      <Color R="138" G="149" B="151" A="0" />
      <TransformMatrix Value="-0.518860717583551,0.427429396435447,0.740329431274695,0,-0.854858792870895,-0.259430358791776,-0.449346562453178,0,-1.76418157020102E-16,0.866025403784439,-0.5,0,-3024.14309103502,-196.829713146744,-220.919063609372,1" />
    </Entity>
    <Entity ID="25417" Type="simple" Visible="true">
      <Cylinder R="15" H="8" />
      <Color R="138" G="149" B="151" A="0" />
      <TransformMatrix Value="-0.518860717583551,0.427429396435447,0.740329431274695,0,-0.854858792870895,-0.259430358791776,-0.449346562453178,0,-1.76418157020102E-16,0.866025403784439,-0.5,0,-3024.14309103502,-189.035484512694,-225.419063609372,1" />
    </Entity>
    <Entity ID="25418" Type="simple" Visible="true">
      <Cylinder R="10" H="100" />
      <Color R="138" G="149" B="151" A="0" />
      <TransformMatrix Value="1.76418157020102E-16,-0.866025403784439,0.5,0,-0.854858792870895,-0.259430358791776,-0.449346562453178,0,0.518860717583551,-0.427429396435447,-0.740329431274695,0,-3216.12155654094,39.2614498749658,8.00282596225793,1" />
    </Entity>
    <Entity ID="25419" Type="simple" Visible="true">
      <Cylinder R="15" H="8" />
      <Color R="138" G="149" B="151" A="0" />
      <TransformMatrix Value="0.518860717583551,-0.427429396435447,-0.740329431274695,0,-0.854858792870895,-0.259430358791776,-0.449346562453178,0,-1.76418157020102E-16,0.866025403784439,-0.5,0,-3200,37.2390923627258,-21.5000000000001,1" />
    </Entity>
    <Entity ID="25420" Type="simple" Visible="true">
      <Cylinder R="15" H="3" />
      <Color R="138" G="149" B="151" A="0" />
      <TransformMatrix Value="0.518860717583551,-0.427429396435447,-0.740329431274695,0,-0.854858792870895,-0.259430358791776,-0.449346562453178,0,-1.76418157020102E-16,0.866025403784439,-0.5,0,-3200,34.6410161513759,-20.0000000000001,1" />
    </Entity>
    <Entity ID="25421" Type="simple" Visible="true">
      <Cylinder R="15" H="3" />
      <Color R="138" G="149" B="151" A="0" />
      <TransformMatrix Value="0.469471562785892,-0.441473796429463,-0.76465504562615,0,-0.882947592858927,-0.234735781392946,-0.406574299726964,0,-1.5120515850268E-16,0.866025403784439,-0.5,0,-3200,-37.2390923627345,21.4999999999999,1" />
    </Entity>
    <Entity ID="25422" Type="simple" Visible="true">
      <Cylinder R="15" H="3" />
      <Color R="138" G="149" B="151" A="0" />
      <TransformMatrix Value="-0.518860717583551,0.427429396435447,0.740329431274695,0,-0.854858792870895,-0.259430358791776,-0.449346562453178,0,-1.76418157020102E-16,0.866025403784439,-0.5,0,-3024.14309103502,-182.107281282414,-229.419063609372,1" />
    </Entity>
    <Entity ID="25423" Type="simple" Visible="true">
      <Cylinder R="10" H="100" />
      <Color R="138" G="149" B="151" A="0" />
      <TransformMatrix Value="1.76418157020102E-16,-0.866025403784439,0.5,0,-0.854858792870895,-0.259430358791776,-0.449346562453178,0,-0.518860717583551,0.427429396435447,0.740329431274695,0,-3008.02153449408,-132.168114567584,-288.921889571632,1" />
    </Entity>
    <Entity ID="25424" Type="simple" Visible="true">
      <Cylinder R="15" H="3" />
      <Color R="138" G="149" B="151" A="0" />
      <TransformMatrix Value="-0.518860717583551,0.427429396435447,0.740329431274695,0,-0.854858792870895,-0.259430358791776,-0.449346562453178,0,-1.76418157020102E-16,0.866025403784439,-0.5,0,-3024.14309103502,-110.227172768304,-270.919063609372,1" />
    </Entity>
    <Entity ID="25425" Type="simple" Visible="true">
      <Cylinder R="15" H="8" />
      <Color R="138" G="149" B="151" A="0" />
      <TransformMatrix Value="-0.518860717583551,0.427429396435447,0.740329431274695,0,-0.854858792870895,-0.259430358791776,-0.449346562453178,0,-1.76418157020102E-16,0.866025403784439,-0.5,0,-3024.14309103502,-107.629096556954,-272.419063609372,1" />
    </Entity>
    <Entity ID="25426" Type="simple" Visible="false">
      <Ring R="30" DR="13" Rad="6.28318530717959" />
      <Color R="255" G="255" B="255" A="0" />
      <TransformMatrix Value="1,0,0,0,0,1,0,0,0,0,1,0,-3024.14309103502,-144.868188919684,-250.919063609372,1" />
    </Entity>
    <Entity ID="25427" Type="simple" Visible="false">
      <Cylinder R="13" H="50" />
      <Color R="255" G="255" B="255" A="0" />
      <TransformMatrix Value="0,1,0,0,0,0,1,0,1,0,0,0,-2989.28487093462,-144.868188919684,-250.919063609372,1" />
    </Entity>
    <Entity ID="25428" Type="boolean" Visible="true">
      <Boolean Type="Union" Entity1="25426" Entity2="25427" />
      <Color R="138" G="149" B="151" A="0" />
      <TransformMatrix Value="0.518860717583551,-0.427429396435447,-0.740329431274695,0,0.854858792870895,0.259430358791776,0.449346562453178,0,3.33453169681948E-16,-0.866025403784439,0.5,0,0,0,0,1" />
    </Entity>
    <Entity ID="25429" Type="simple" Visible="true">
      <TruncatedCone BR="35" TR="60" H="70" />
      <Color R="138" G="149" B="151" A="0" />
      <TransformMatrix Value="0.854858792870895,0.259430358791776,0.449346562453178,0,3.33453169681948E-16,-0.866025403784439,0.5,0,0.518860717583551,-0.427429396435447,-0.740329431274695,0,-2980.11349406086,-181.139086719784,-313.742101435292,1" />
    </Entity>
    <Entity ID="25430" Type="simple" Visible="true">
      <CircularGasket OR="42" IR="17" H="10" Rad="6.28318530717959" />
      <Color R="138" G="149" B="151" A="0" />
      <TransformMatrix Value="0.518860717583564,-0.427429396435443,-0.740329431274688,0,0.854858792870887,0.259430358791782,0.449346562453189,0,3.09766962714903E-16,-0.866025403784439,0.5,0,-278.350644475372,-2424.12984689749,-4158.71605897061,1" />
    </Entity>
    <Entity ID="25431" Type="simple" Visible="false">
      <Cuboid L="100" W="80" H="10" />
      <Color R="255" G="255" B="255" A="0" />
      <TransformMatrix Value="1,0,0,0,0,1,0,0,0,0,1,0,-304.293680354547,-2398.42825005679,-4124.19958740686,1" />
    </Entity>
    <Entity ID="25432" Type="simple" Visible="false">
      <Cylinder R="17" H="10" />
      <Color R="255" G="255" B="255" A="0" />
      <TransformMatrix Value="1,0,0,0,0,1,0,0,0,0,1,0,-254.293680354546,-2398.42825005679,-4124.19958740686,1" />
    </Entity>
    <Entity ID="25433" Type="boolean" Visible="true">
      <Boolean Type="Difference" Entity1="25431" Entity2="25432" />
      <Color R="138" G="149" B="151" A="0" />
      <TransformMatrix Value="0.518860717583564,-0.427429396435443,-0.740329431274688,0,0.854858792870887,0.259430358791782,0.449346562453189,0,3.09766962714903E-16,-0.866025403784439,0.5,0,0,0,0,1" />
    </Entity>
    <Entity ID="25434" Type="simple" Visible="true">
      <Cylinder R="60" H="40" />
      <Color R="138" G="149" B="151" A="0" />
      <TransformMatrix Value="0.854858792870887,0.259430358791782,0.449346562453189,0,3.09766962714903E-16,-0.866025403784439,0.5,0,0.518860717583564,-0.427429396435443,-0.740329431274688,0,-339.112441560537,-2356.75471457619,-4082.01890662347,1" />
    </Entity>
    <Entity ID="25435" Type="simple" Visible="true">
      <CircularGasket OR="42" IR="17" H="10" Rad="6.28318530717959" />
      <Color R="138" G="149" B="151" A="0" />
      <TransformMatrix Value="0.518860717583564,-0.427429396435443,-0.740329431274688,0,0.854858792870887,0.259430358791782,0.449346562453189,0,3.09766962714903E-16,-0.866025403784439,0.5,0,-278.350644475372,-2380.82857670827,-4183.71605897061,1" />
    </Entity>
    <Entity ID="25436" Type="simple" Visible="false">
      <Cuboid L="100" W="80" H="10" />
      <Color R="255" G="255" B="255" A="0" />
      <TransformMatrix Value="1,0,0,0,0,1,0,0,0,0,1,0,-304.293680354547,-2355.12697986756,-4149.19958740686,1" />
    </Entity>
    <Entity ID="25437" Type="simple" Visible="false">
      <Cylinder R="17" H="10" />
      <Color R="255" G="255" B="255" A="0" />
      <TransformMatrix Value="1,0,0,0,0,1,0,0,0,0,1,0,-254.293680354546,-2355.12697986756,-4149.19958740686,1" />
    </Entity>
    <Entity ID="25438" Type="boolean" Visible="true">
      <Boolean Type="Difference" Entity1="25436" Entity2="25437" />
      <Color R="138" G="149" B="151" A="0" />
      <TransformMatrix Value="0.518860717583564,-0.427429396435443,-0.740329431274688,0,0.854858792870887,0.259430358791782,0.449346562453189,0,3.09766962714903E-16,-0.866025403784439,0.5,0,0,0,0,1" />
    </Entity>
    <Entity ID="25439" Type="simple" Visible="true">
      <Cylinder R="100" H="20" />
      <Color R="138" G="149" B="151" A="0" />
      <TransformMatrix Value="0.854858792870887,0.259430358791782,0.449346562453189,0,3.09766962714903E-16,-0.866025403784439,0.5,0,0.518860717583564,-0.427429396435443,-0.740329431274688,0,-349.48965591221,-2348.20612664749,-4067.21231799798,1" />
    </Entity>
    <Entity ID="25440" Type="simple" Visible="true">
      <Cylinder R="10" H="80" />
      <Color R="138" G="149" B="151" A="0" />
      <TransformMatrix Value="0.518860717583564,-0.427429396435443,-0.740329431274688,0,0.854858792870887,0.259430358791782,0.449346562453189,0,3.09766962714903E-16,-0.866025403784439,0.5,0,-278.350644475372,-2372.16832267042,-4188.71605897061,1" />
    </Entity>
    <Entity ID="25441" Type="simple" Visible="true">
      <Cylinder R="20" H="10" />
      <Color R="138" G="149" B="151" A="0" />
      <TransformMatrix Value="0.518860717583564,-0.427429396435443,-0.740329431274688,0,0.854858792870887,0.259430358791782,0.449346562453189,0,3.09766962714903E-16,-0.866025403784439,0.5,0,-278.350644475372,-2432.79010093533,-4153.71605897061,1" />
    </Entity>
    <Entity ID="25442" Type="simple" Visible="true">
      <Cylinder R="20" H="10" />
      <Color R="138" G="149" B="151" A="0" />
      <TransformMatrix Value="0.518860717583564,-0.427429396435443,-0.740329431274688,0,0.854858792870887,0.259430358791782,0.449346562453189,0,3.09766962714903E-16,-0.866025403784439,0.5,0,-278.350644475372,-2372.16832267042,-4188.71605897061,1" />
    </Entity>
    <Entity ID="25443" Type="simple" Visible="true">
      <Cylinder R="10" H="100" />
      <Color R="138" G="149" B="151" A="0" />
      <TransformMatrix Value="0.854858792870888,0.259430358791782,0.449346562453189,0,-4.77999082855334E-16,0.866025403784439,-0.5,0,-0.518860717583563,0.427429396435444,0.740329431274689,0,-196.603952788911,-2445.24150069561,-4235.28251598077,1" />
    </Entity>
    <Entity ID="25444" Type="simple" Visible="true">
      <Cylinder R="10" H="120" />
      <Color R="138" G="149" B="151" A="0" />
      <TransformMatrix Value="-0.518860717583563,0.427429396435444,0.740329431274689,0,-4.77999082855334E-16,0.866025403784439,-0.5,0,-0.854858792870888,-0.259430358791782,-0.449346562453189,0,-187.079745543732,-2424.17790217043,-4198.79929314492,1" />
    </Entity>
    <Entity ID="25445" Type="simple" Visible="true">
      <Cylinder R="15" H="8" />
      <Color R="138" G="149" B="151" A="0" />
      <TransformMatrix Value="-0.518860717583563,0.427429396435444,0.740329431274689,0,-4.77999082855334E-16,0.866025403784439,-0.5,0,-0.854858792870888,-0.259430358791782,-0.449346562453189,0,-194.773474679569,-2426.51277539955,-4202.84341220699,1" />
    </Entity>
    <Entity ID="25446" Type="simple" Visible="true">
      <Ring R="30" DR="10" Rad="3.14159265358979" />
      <Color R="138" G="149" B="151" A="0" />
      <TransformMatrix Value="-0.854858792870887,-0.259430358791782,-0.449346562453189,0,-0.518860717583564,0.427429396435443,0.740329431274688,0,-4.77999082855334E-16,0.866025403784439,-0.5,0,-274.135788333388,-2410.28147181582,-4174.7299697269,1" />
    </Entity>
    <Entity ID="25447" Type="simple" Visible="true">
      <Cylinder R="10" H="100" />
      <Color R="138" G="149" B="151" A="0" />
      <TransformMatrix Value="0.854858792870888,0.259430358791782,0.449346562453189,0,-4.77999082855334E-16,0.866025403784439,-0.5,0,-0.518860717583563,0.427429396435444,0.740329431274689,0,-247.895480361169,-2460.80732222312,-4262.24330972796,1" />
    </Entity>
    <Entity ID="25448" Type="simple" Visible="true">
      <Cylinder R="15" H="8" />
      <Color R="138" G="149" B="151" A="0" />
      <TransformMatrix Value="-0.518860717583563,0.427429396435444,0.740329431274689,0,-4.77999082855334E-16,0.866025403784439,-0.5,0,-0.854858792870888,-0.259430358791782,-0.449346562453189,0,-275.130201209433,-2450.89922912598,-4245.0819890776,1" />
    </Entity>
    <Entity ID="25449" Type="simple" Visible="true">
      <Cylinder R="15" H="3" />
      <Color R="138" G="149" B="151" A="0" />
      <TransformMatrix Value="-0.518860717583563,0.427429396435444,0.740329431274689,0,-4.77999082855334E-16,0.866025403784439,-0.5,0,-0.854858792870888,-0.259430358791782,-0.449346562453189,0,-272.565624830828,-2450.12093804961,-4243.73394939024,1" />
    </Entity>
    <Entity ID="25450" Type="simple" Visible="true">
      <Cylinder R="15" H="3" />
      <Color R="138" G="149" B="151" A="0" />
      <TransformMatrix Value="-0.518860717583563,0.427429396435444,0.740329431274689,0,-4.77999082855334E-16,0.866025403784439,-0.5,0,-0.854858792870888,-0.259430358791782,-0.449346562453189,0,-201.612345022545,-2428.58821826989,-4206.43818470663,1" />
    </Entity>
    <Entity ID="25451" Type="simple" Visible="false">
      <Cylinder R="11" H="22" />
      <Color R="255" G="255" B="255" A="0" />
      <TransformMatrix Value="1,0,0,0,0,0,1,0,0,-1,0,0,-231.562129982326,-2434.75284276905,-4217.11562754875,1" />
    </Entity>
    <Entity ID="25452" Type="simple" Visible="false">
      <Cuboid L="80" W="22" H="22" />
      <Color R="255" G="255" B="255" A="0" />
      <TransformMatrix Value="1,0,0,0,0,1,0,0,0,0,1,0,-191.562129982326,-2445.75284276905,-4228.11562754875,1" />
    </Entity>
    <Entity ID="25453" Type="boolean" Visible="false">
      <Boolean Type="Union" Entity1="25451" Entity2="25452" />
      <Color R="255" G="255" B="255" A="0" />
      <TransformMatrix Value="1,0,0,0,0,1,0,0,0,0,1,0,0,0,0,1" />
    </Entity>
    <Entity ID="25454" Type="simple" Visible="false">
      <Cylinder R="9" H="22" />
      <Color R="255" G="255" B="255" A="0" />
      <TransformMatrix Value="1,0,0,0,0,0,1,0,0,-1,0,0,-231.562129982326,-2434.75284276905,-4217.11562754875,1" />
    </Entity>
    <Entity ID="25455" Type="simple" Visible="false">
      <Cuboid L="80" W="22" H="18" />
      <Color R="255" G="255" B="255" A="0" />
      <TransformMatrix Value="1,0,0,0,0,1,0,0,0,0,1,0,-191.562129982326,-2445.75284276905,-4226.11562754875,1" />
    </Entity>
    <Entity ID="25456" Type="boolean" Visible="false">
      <Boolean Type="Union" Entity1="25454" Entity2="25455" />
      <Color R="255" G="255" B="255" A="0" />
      <TransformMatrix Value="1,0,0,0,0,1,0,0,0,0,1,0,0,0,0,1" />
    </Entity>
    <Entity ID="25457" Type="boolean" Visible="false">
      <Boolean Type="Difference" Entity1="25453" Entity2="25456" />
      <Color R="255" G="255" B="255" A="0" />
      <TransformMatrix Value="1,0,0,0,0,1,0,0,0,0,1,0,0,0,0,1" />
    </Entity>
    <Entity ID="25458" Type="simple" Visible="false">
      <Cylinder R="8" H="22" />
      <Color R="255" G="255" B="255" A="0" />
      <TransformMatrix Value="1,0,0,0,0,1,0,0,0,0,1,0,-162.562129982326,-2445.75284276905,-4228.11562754875,1" />
    </Entity>
    <Entity ID="25459" Type="boolean" Visible="false">
      <Boolean Type="Difference" Entity1="25457" Entity2="25458" />
      <Color R="255" G="255" B="255" A="0" />
      <TransformMatrix Value="1,0,0,0,0,1,0,0,0,0,1,0,0,0,0,1" />
    </Entity>
    <Entity ID="25460" Type="simple" Visible="false">
      <Cuboid L="50" W="18" H="22" />
      <Color R="255" G="255" B="255" A="0" />
      <TransformMatrix Value="1,0,0,0,0,1,0,0,0,0,1,0,-217.562129982326,-2445.75284276905,-4228.11562754875,1" />
    </Entity>
    <Entity ID="25461" Type="boolean" Visible="true">
      <Boolean Type="Difference" Entity1="25459" Entity2="25460" />
      <Color R="138" G="149" B="151" A="0" />
      <TransformMatrix Value="0.518860717583563,-0.427429396435444,-0.740329431274689,0,0.854858792870888,0.259430358791782,0.449346562453189,0,3.73309074414104E-16,-0.866025403784439,0.5,0,0,0,0,1" />
    </Entity>
    <Entity ID="25462" Type="simple" Visible="true">
      <Cylinder R="10" H="10" />
      <Color R="138" G="149" B="151" A="0" />
      <TransformMatrix Value="-0.469471562785891,0.441473796429464,0.764655045626151,0,-0.882947592858928,-0.234735781392946,-0.406574299726963,0,3.70893684679756E-16,-0.866025403784439,0.5,0,-205.164187190629,-2475.75945910764,-4268.14117049368,1" />
    </Entity>
    <Entity ID="25463" Type="simple" Visible="true">
      <Cylinder R="10" H="10" />
      <Color R="138" G="149" B="151" A="0" />
      <TransformMatrix Value="-0.469471562785891,0.441473796429464,0.764655045626151,0,-0.882947592858928,-0.234735781392946,-0.406574299726963,0,3.70893684679756E-16,-0.866025403784439,0.5,0,-205.164187190629,-2448.91267159033,-4283.64117049368,1" />
    </Entity>
    <Entity ID="25464" Type="simple" Visible="true">
      <Cylinder R="6" H="50" />
      <Color R="138" G="149" B="151" A="0" />
      <TransformMatrix Value="-0.469471562785891,0.441473796429464,0.764655045626151,0,-0.882947592858928,-0.234735781392946,-0.406574299726963,0,3.70893684679756E-16,-0.866025403784439,0.5,0,-205.164187190629,-2445.44856997519,-4285.64117049368,1" />
    </Entity>
    <Entity ID="25465" Type="simple" Visible="true">
      <Cuboid L="250" W="660" H="20" />
      <Color R="138" G="149" B="151" A="0" />
      <TransformMatrix Value="-9.126243484247E-17,-0.5,-0.866025403784439,0,1,2.50676639875839E-16,-2.50109008158268E-16,0,3.42146842346934E-16,-0.866025403784439,0.5,0,4.17286005400074E-13,-2513.02688699676,-4372.69024906505,1" />
    </Entity>
    <Entity ID="25466" Type="simple" Visible="true">
      <Cuboid L="150" W="720" H="20" />
      <Color R="138" G="149" B="151" A="0" />
      <TransformMatrix Value="-9.126243484247E-17,-0.5,-0.866025403784439,0,1,2.50676639875839E-16,-2.50109008158268E-16,0,3.42146842346934E-16,-0.866025403784439,0.5,0,4.17286005400074E-13,-2513.02688699676,-4372.69024906505,1" />
    </Entity>
    <Entity ID="25467" Type="simple" Visible="false">
      <Cylinder R="11" H="22" />
      <Color R="255" G="255" B="255" A="0" />
      <TransformMatrix Value="1,0,0,0,0,0,1,0,0,-1,0,0,-210.999999999999,-2618.68714103461,-4535.69917739923,1" />
    </Entity>
    <Entity ID="25468" Type="simple" Visible="false">
      <Cuboid L="80" W="22" H="22" />
      <Color R="255" G="255" B="255" A="0" />
      <TransformMatrix Value="1,0,0,0,0,1,0,0,0,0,1,0,-170.999999999999,-2629.68714103461,-4546.69917739923,1" />
    </Entity>
    <Entity ID="25469" Type="boolean" Visible="false">
      <Boolean Type="Union" Entity1="25467" Entity2="25468" />
      <Color R="255" G="255" B="255" A="0" />
      <TransformMatrix Value="1,0,0,0,0,1,0,0,0,0,1,0,0,0,0,1" />
    </Entity>
    <Entity ID="25470" Type="simple" Visible="false">
      <Cylinder R="9" H="22" />
      <Color R="255" G="255" B="255" A="0" />
      <TransformMatrix Value="1,0,0,0,0,0,1,0,0,-1,0,0,-210.999999999999,-2618.68714103461,-4535.69917739923,1" />
    </Entity>
    <Entity ID="25471" Type="simple" Visible="false">
      <Cuboid L="80" W="22" H="18" />
      <Color R="255" G="255" B="255" A="0" />
      <TransformMatrix Value="1,0,0,0,0,1,0,0,0,0,1,0,-170.999999999999,-2629.68714103461,-4544.69917739923,1" />
    </Entity>
    <Entity ID="25472" Type="boolean" Visible="false">
      <Boolean Type="Union" Entity1="25470" Entity2="25471" />
      <Color R="255" G="255" B="255" A="0" />
      <TransformMatrix Value="1,0,0,0,0,1,0,0,0,0,1,0,0,0,0,1" />
    </Entity>
    <Entity ID="25473" Type="boolean" Visible="false">
      <Boolean Type="Difference" Entity1="25469" Entity2="25472" />
      <Color R="255" G="255" B="255" A="0" />
      <TransformMatrix Value="1,0,0,0,0,1,0,0,0,0,1,0,0,0,0,1" />
    </Entity>
    <Entity ID="25474" Type="simple" Visible="false">
      <Cylinder R="8" H="22" />
      <Color R="255" G="255" B="255" A="0" />
      <TransformMatrix Value="1,0,0,0,0,1,0,0,0,0,1,0,-141.999999999999,-2629.68714103461,-4546.69917739923,1" />
    </Entity>
    <Entity ID="25475" Type="boolean" Visible="false">
      <Boolean Type="Difference" Entity1="25473" Entity2="25474" />
      <Color R="255" G="255" B="255" A="0" />
      <TransformMatrix Value="1,0,0,0,0,1,0,0,0,0,1,0,0,0,0,1" />
    </Entity>
    <Entity ID="25476" Type="simple" Visible="false">
      <Cuboid L="50" W="18" H="22" />
      <Color R="255" G="255" B="255" A="0" />
      <TransformMatrix Value="1,0,0,0,0,1,0,0,0,0,1,0,-196.999999999999,-2629.68714103461,-4546.69917739923,1" />
    </Entity>
    <Entity ID="25477" Type="boolean" Visible="true">
      <Boolean Type="Difference" Entity1="25475" Entity2="25476" />
      <Color R="138" G="149" B="151" A="0" />
      <TransformMatrix Value="2.13727114757205E-16,0.5,0.866025403784439,0,-1,-1.89444299918471E-16,3.56166532030758E-16,0,3.42146842346934E-16,-0.866025403784439,0.5,0,0,0,0,1" />
    </Entity>
    <Entity ID="25478" Type="simple" Visible="true">
      <Cylinder R="10" H="10" />
      <Color R="138" G="149" B="151" A="0" />
      <TransformMatrix Value="-9.126243484247E-17,-0.5,-0.866025403784439,0,1,2.50676639875839E-16,-2.50109008158268E-16,0,3.42146842346934E-16,-0.866025403784439,0.5,0,-199.999999999999,-2592.84739507245,-4470.9434245381,1" />
    </Entity>
    <Entity ID="25479" Type="simple" Visible="true">
      <Cylinder R="10" H="10" />
      <Color R="138" G="149" B="151" A="0" />
      <TransformMatrix Value="-9.126243484247E-17,-0.5,-0.866025403784439,0,1,2.50676639875839E-16,-2.50109008158268E-16,0,3.42146842346934E-16,-0.866025403784439,0.5,0,-199.999999999999,-2566.00060755513,-4486.4434245381,1" />
    </Entity>
    <Entity ID="25480" Type="simple" Visible="true">
      <Cylinder R="6" H="50" />
      <Color R="138" G="149" B="151" A="0" />
      <TransformMatrix Value="-9.126243484247E-17,-0.5,-0.866025403784439,0,1,2.50676639875839E-16,-2.50109008158268E-16,0,3.42146842346934E-16,-0.866025403784439,0.5,0,-199.999999999999,-2562.53650594,-4488.4434245381,1" />
    </Entity>
    <Entity ID="25481" Type="simple" Visible="true">
      <Cylinder R="15" H="8" />
      <Color R="138" G="149" B="151" A="0" />
      <TransformMatrix Value="-9.126243484247E-17,-0.5,-0.866025403784439,0,-2.19682162432199E-16,0.866025403784439,-0.5,0,1,1.44619116003348E-16,-1.888766682009E-16,0,-179.999999999999,-2616.68714103461,-4532.23507578409,1" />
    </Entity>
    <Entity ID="25482" Type="simple" Visible="true">
      <Cylinder R="15" H="8" />
      <Color R="138" G="149" B="151" A="0" />
      <TransformMatrix Value="-9.126243484247E-17,-0.5,-0.866025403784439,0,-2.19682162432199E-16,0.866025403784439,-0.5,0,1,1.44619116003348E-16,-1.888766682009E-16,0,-227.999999999999,-2616.68714103461,-4532.23507578409,1" />
    </Entity>
    <Entity ID="25483" Type="simple" Visible="true">
      <Cylinder R="10" H="40" />
      <Color R="138" G="149" B="151" A="0" />
      <TransformMatrix Value="-9.126243484247E-17,-0.5,-0.866025403784439,0,-2.19682162432199E-16,0.866025403784439,-0.5,0,1,1.44619116003348E-16,-1.888766682009E-16,0,-219.999999999999,-2616.68714103461,-4532.23507578409,1" />
    </Entity>
    <Entity ID="25484" Type="simple" Visible="false">
      <Cylinder R="11" H="22" />
      <Color R="255" G="255" B="255" A="0" />
      <TransformMatrix Value="1,0,0,0,0,0,1,0,0,-1,0,0,189.000000000001,-2618.68714103461,-4535.69917739923,1" />
    </Entity>
    <Entity ID="25485" Type="simple" Visible="false">
      <Cuboid L="80" W="22" H="22" />
      <Color R="255" G="255" B="255" A="0" />
      <TransformMatrix Value="1,0,0,0,0,1,0,0,0,0,1,0,229.000000000001,-2629.68714103461,-4546.69917739923,1" />
    </Entity>
    <Entity ID="25486" Type="boolean" Visible="false">
      <Boolean Type="Union" Entity1="25484" Entity2="25485" />
      <Color R="255" G="255" B="255" A="0" />
      <TransformMatrix Value="1,0,0,0,0,1,0,0,0,0,1,0,0,0,0,1" />
    </Entity>
    <Entity ID="25487" Type="simple" Visible="false">
      <Cylinder R="9" H="22" />
      <Color R="255" G="255" B="255" A="0" />
      <TransformMatrix Value="1,0,0,0,0,0,1,0,0,-1,0,0,189.000000000001,-2618.68714103461,-4535.69917739923,1" />
    </Entity>
    <Entity ID="25488" Type="simple" Visible="false">
      <Cuboid L="80" W="22" H="18" />
      <Color R="255" G="255" B="255" A="0" />
      <TransformMatrix Value="1,0,0,0,0,1,0,0,0,0,1,0,229.000000000001,-2629.68714103461,-4544.69917739923,1" />
    </Entity>
    <Entity ID="25489" Type="boolean" Visible="false">
      <Boolean Type="Union" Entity1="25487" Entity2="25488" />
      <Color R="255" G="255" B="255" A="0" />
      <TransformMatrix Value="1,0,0,0,0,1,0,0,0,0,1,0,0,0,0,1" />
    </Entity>
    <Entity ID="25490" Type="boolean" Visible="false">
      <Boolean Type="Difference" Entity1="25486" Entity2="25489" />
      <Color R="255" G="255" B="255" A="0" />
      <TransformMatrix Value="1,0,0,0,0,1,0,0,0,0,1,0,0,0,0,1" />
    </Entity>
    <Entity ID="25491" Type="simple" Visible="false">
      <Cylinder R="8" H="22" />
      <Color R="255" G="255" B="255" A="0" />
      <TransformMatrix Value="1,0,0,0,0,1,0,0,0,0,1,0,258.000000000001,-2629.68714103461,-4546.69917739923,1" />
    </Entity>
    <Entity ID="25492" Type="boolean" Visible="false">
      <Boolean Type="Difference" Entity1="25490" Entity2="25491" />
      <Color R="255" G="255" B="255" A="0" />
      <TransformMatrix Value="1,0,0,0,0,1,0,0,0,0,1,0,0,0,0,1" />
    </Entity>
    <Entity ID="25493" Type="simple" Visible="false">
      <Cuboid L="50" W="18" H="22" />
      <Color R="255" G="255" B="255" A="0" />
      <TransformMatrix Value="1,0,0,0,0,1,0,0,0,0,1,0,203.000000000001,-2629.68714103461,-4546.69917739923,1" />
    </Entity>
    <Entity ID="25494" Type="boolean" Visible="true">
      <Boolean Type="Difference" Entity1="25492" Entity2="25493" />
      <Color R="138" G="149" B="151" A="0" />
      <TransformMatrix Value="2.13727114757205E-16,0.5,0.866025403784439,0,-1,-1.89444299918471E-16,3.56166532030758E-16,0,3.42146842346934E-16,-0.866025403784439,0.5,0,0,0,0,1" />
    </Entity>
    <Entity ID="25495" Type="simple" Visible="true">
      <Cylinder R="10" H="10" />
      <Color R="138" G="149" B="151" A="0" />
      <TransformMatrix Value="-9.126243484247E-17,-0.5,-0.866025403784439,0,1,2.50676639875839E-16,-2.50109008158268E-16,0,3.42146842346934E-16,-0.866025403784439,0.5,0,200.000000000001,-2592.84739507245,-4470.9434245381,1" />
    </Entity>
    <Entity ID="25496" Type="simple" Visible="true">
      <Cylinder R="10" H="10" />
      <Color R="138" G="149" B="151" A="0" />
      <TransformMatrix Value="-9.126243484247E-17,-0.5,-0.866025403784439,0,1,2.50676639875839E-16,-2.50109008158268E-16,0,3.42146842346934E-16,-0.866025403784439,0.5,0,200.000000000001,-2566.00060755513,-4486.4434245381,1" />
    </Entity>
    <Entity ID="25497" Type="simple" Visible="true">
      <Cylinder R="6" H="50" />
      <Color R="138" G="149" B="151" A="0" />
      <TransformMatrix Value="-9.126243484247E-17,-0.5,-0.866025403784439,0,1,2.50676639875839E-16,-2.50109008158268E-16,0,3.42146842346934E-16,-0.866025403784439,0.5,0,200.000000000001,-2562.53650594,-4488.4434245381,1" />
    </Entity>
    <Entity ID="25498" Type="simple" Visible="true">
      <Cylinder R="15" H="8" />
      <Color R="138" G="149" B="151" A="0" />
      <TransformMatrix Value="-9.126243484247E-17,-0.5,-0.866025403784439,0,-2.19682162432199E-16,0.866025403784439,-0.5,0,1,1.44619116003348E-16,-1.888766682009E-16,0,220.000000000001,-2616.68714103461,-4532.23507578409,1" />
    </Entity>
    <Entity ID="25499" Type="simple" Visible="true">
      <Cylinder R="15" H="8" />
      <Color R="138" G="149" B="151" A="0" />
      <TransformMatrix Value="-9.126243484247E-17,-0.5,-0.866025403784439,0,-2.19682162432199E-16,0.866025403784439,-0.5,0,1,1.44619116003348E-16,-1.888766682009E-16,0,172.000000000001,-2616.68714103461,-4532.23507578409,1" />
    </Entity>
    <Entity ID="25500" Type="simple" Visible="true">
      <Cylinder R="10" H="40" />
      <Color R="138" G="149" B="151" A="0" />
      <TransformMatrix Value="-9.126243484247E-17,-0.5,-0.866025403784439,0,-2.19682162432199E-16,0.866025403784439,-0.5,0,1,1.44619116003348E-16,-1.888766682009E-16,0,180.000000000001,-2616.68714103461,-4532.23507578409,1" />
    </Entity>
    <Entity ID="25501" Type="simple" Visible="true">
      <Ring R="300" DR="35" Rad="1.5707963267949" />
      <Color R="138" G="149" B="151" A="0" />
      <TransformMatrix Value="-1,-5.71047353599116E-16,-5.98599854380822E-17,0,-3.37363944859104E-16,0.5,0.866025403784438,0,-4.64611522261669E-16,0.866025403784438,-0.5,0,-449.999999999999,-1597.41811873192,-4266.85147819851,1" />
    </Entity>
    <Entity ID="25502" Type="simple" Visible="true">
      <Ring R="300" DR="35" Rad="1.5707963267949" />
      <Color R="138" G="149" B="151" A="0" />
      <TransformMatrix Value="-5.25843862219037E-16,0.866025403784439,-0.5,0,-9.12624348424701E-17,-0.5,-0.866025403784439,0,1,4.09762925684575E-16,-3.41957518094319E-16,0,-750,-2001.95746407133,-4367.53417798703,1" />
    </Entity>
    <Entity ID="25503" Type="simple" Visible="true">
      <Cylinder R="35" H="900" />
      <Color R="138" G="149" B="151" A="0" />
      <TransformMatrix Value="-2.14899264944368E-16,0.5,0.866025403784439,0,-1,-1.91642442024276E-16,-1.37499481437694E-16,0,9.72174825174626E-17,-0.866025403784439,0.5,0,-750,-2151.95746407133,-4627.34179912236,1" />
    </Entity>
    <Entity ID="25504" Type="simple" Visible="true">
      <Ring R="300" DR="35" Rad="1.5707963267949" />
      <Color R="138" G="149" B="151" A="0" />
      <TransformMatrix Value="2.14899264944368E-16,-0.5,-0.866025403784439,0,9.72174825174626E-17,-0.866025403784439,0.5,0,-1,-1.91642442024276E-16,-1.37499481437694E-16,0,-750,-2781.38032747733,-3917.53417798703,1" />
    </Entity>
    <Entity ID="25505" Type="simple" Visible="true">
      <Cylinder R="35" H="900" />
      <Color R="138" G="149" B="151" A="0" />
      <TransformMatrix Value="-9.2434585029633E-17,0.5,0.866025403784438,0,-1.58449822474831E-16,0.866025403784438,-0.5,0,-1,-1.83438864003154E-16,-8.25787586519621E-19,0,450.000000000001,-1447.41811873192,-4007.04385706318,1" />
    </Entity>
    <Entity ID="25506" Type="simple" Visible="true">
      <Ring R="300" DR="35" Rad="1.5707963267949" />
      <Color R="138" G="149" B="151" A="0" />
      <TransformMatrix Value="1,1.14002946024664E-16,-2.41905430137146E-16,0,1.52494774799838E-16,0.5,0.866025403784438,0,-2.19682162432199E-16,0.866025403784438,-0.5,0,450.000000000001,-1597.41811873192,-4266.85147819851,1" />
    </Entity>
    <Entity ID="25507" Type="simple" Visible="true">
      <Ring R="300" DR="35" Rad="1.5707963267949" />
      <Color R="138" G="149" B="151" A="0" />
      <TransformMatrix Value="-5.25843862219037E-16,0.866025403784439,-0.5,0,-9.12624348424701E-17,-0.5,-0.866025403784439,0,1,4.09762925684575E-16,-3.41957518094319E-16,0,750,-2001.95746407133,-4367.53417798703,1" />
    </Entity>
    <Entity ID="25508" Type="simple" Visible="true">
      <Cylinder R="35" H="900" />
      <Color R="138" G="149" B="151" A="0" />
      <TransformMatrix Value="-2.14899264944368E-16,0.5,0.866025403784439,0,-1,-1.91642442024276E-16,-1.37499481437694E-16,0,9.72174825174626E-17,-0.866025403784439,0.5,0,750,-2151.95746407133,-4627.34179912236,1" />
    </Entity>
    <Entity ID="25509" Type="simple" Visible="true">
      <Ring R="300" DR="35" Rad="1.5707963267949" />
      <Color R="138" G="149" B="151" A="0" />
      <TransformMatrix Value="2.14899264944368E-16,-0.5,-0.866025403784439,0,9.72174825174626E-17,-0.866025403784439,0.5,0,-1,-1.91642442024276E-16,-1.37499481437694E-16,0,750,-2781.38032747733,-3917.53417798703,1" />
    </Entity>
    <Entity ID="25510" Type="simple" Visible="true">
      <Ring R="300" DR="35" Rad="1.5707963267949" />
      <Color R="138" G="149" B="151" A="0" />
      <TransformMatrix Value="-1,-5.71047353599116E-16,-5.98599854380822E-17,0,-3.37363944859104E-16,0.5,0.866025403784438,0,-4.64611522261669E-16,0.866025403784438,-0.5,0,-449.999999999999,-2896.45622440858,-3516.85147819851,1" />
    </Entity>
    <Entity ID="25511" Type="simple" Visible="true">
      <Cylinder R="35" H="900" />
      <Color R="138" G="149" B="151" A="0" />
      <TransformMatrix Value="-9.2434585029633E-17,0.5,0.866025403784438,0,-1.58449822474831E-16,0.866025403784438,-0.5,0,-1,-1.83438864003154E-16,-8.25787586519621E-19,0,450.000000000001,-2746.45622440858,-3257.04385706318,1" />
    </Entity>
    <Entity ID="25512" Type="simple" Visible="true">
      <Ring R="300" DR="35" Rad="1.5707963267949" />
      <Color R="138" G="149" B="151" A="0" />
      <TransformMatrix Value="1,1.14002946024664E-16,-2.41905430137146E-16,0,1.52494774799838E-16,0.5,0.866025403784438,0,-2.19682162432199E-16,0.866025403784438,-0.5,0,450.000000000001,-2896.45622440858,-3516.85147819851,1" />
    </Entity>
    <Entity ID="25513" Type="simple" Visible="true">
      <PorcelainBushing R1="140" R2="120" R="80" H="5000" N="34" />
      <Color R="91" G="58" B="41" A="0" />
      <TransformMatrix Value="0.854858792870889,0.25943035879178,0.449346562453185,0,3.09551764298629E-16,-0.866025403784439,0.5,0,0.518860717583559,-0.427429396435444,-0.740329431274689,0,-2943.79324383002,-211.059144470264,-365.565161624522,1" />
    </Entity>
    <Entity ID="25514" Type="simple" Visible="true">
      <CircularGasket OR="42" IR="17" H="10" Rad="6.28318530717959" />
      <Color R="138" G="149" B="151" A="0" />
      <TransformMatrix Value="-0.518860717583564,-0.427429396435444,-0.740329431274688,0,-0.854858792870887,0.259430358791782,0.44934656245319,0,3.74526721978964E-16,-0.866025403784439,0.5,0,278.350644475376,-2424.12984689749,-4158.71605897061,1" />
    </Entity>
    <Entity ID="25515" Type="simple" Visible="false">
      <Cuboid L="100" W="80" H="10" />
      <Color R="255" G="255" B="255" A="0" />
      <TransformMatrix Value="1,0,0,0,0,1,0,0,0,0,1,0,304.29368035455,-2398.42825005679,-4124.19958740686,1" />
    </Entity>
    <Entity ID="25516" Type="simple" Visible="false">
      <Cylinder R="17" H="10" />
      <Color R="255" G="255" B="255" A="0" />
      <TransformMatrix Value="1,0,0,0,0,1,0,0,0,0,1,0,354.29368035455,-2398.42825005679,-4124.19958740686,1" />
    </Entity>
    <Entity ID="25517" Type="boolean" Visible="true">
      <Boolean Type="Difference" Entity1="25515" Entity2="25516" />
      <Color R="138" G="149" B="151" A="0" />
      <TransformMatrix Value="-0.518860717583564,-0.427429396435444,-0.740329431274688,0,-0.854858792870887,0.259430358791782,0.44934656245319,0,3.74526721978964E-16,-0.866025403784439,0.5,0,0,0,0,1" />
    </Entity>
    <Entity ID="25518" Type="simple" Visible="true">
      <Cylinder R="60" H="40" />
      <Color R="138" G="149" B="151" A="0" />
      <TransformMatrix Value="-0.854858792870887,0.259430358791782,0.44934656245319,0,3.74526721978964E-16,-0.866025403784439,0.5,0,-0.518860717583564,-0.427429396435444,-0.740329431274688,0,339.112441560541,-2356.75471457619,-4082.01890662347,1" />
    </Entity>
    <Entity ID="25519" Type="simple" Visible="true">
      <CircularGasket OR="42" IR="17" H="10" Rad="6.28318530717959" />
      <Color R="138" G="149" B="151" A="0" />
      <TransformMatrix Value="-0.518860717583564,-0.427429396435444,-0.740329431274688,0,-0.854858792870887,0.259430358791782,0.44934656245319,0,3.74526721978964E-16,-0.866025403784439,0.5,0,278.350644475376,-2380.82857670827,-4183.71605897061,1" />
    </Entity>
    <Entity ID="25520" Type="simple" Visible="false">
      <Cuboid L="100" W="80" H="10" />
      <Color R="255" G="255" B="255" A="0" />
      <TransformMatrix Value="1,0,0,0,0,1,0,0,0,0,1,0,304.29368035455,-2355.12697986756,-4149.19958740686,1" />
    </Entity>
