<?xml version="1.0" encoding="utf-8"?>
<Device>
  <Entities>
    <Entity ID="316664" Type="simple" Visible="true">
      <Cylinder R="10" H="100" />
      <Color R="138" G="149" B="151" A="0" />
      <TransformMatrix Value="-0.133494862606756,-0.823179425120939,0.551864798401893,0,0.885513940868514,-0.349122728569534,-0.30655893548171,0,-0.445021552495065,-0.447759929486464,-0.775542947464007,0,1759.93813665812,-10.7830036211128,40.6528914637333,1" />
    </Entity>
    <Entity ID="316665" Type="simple" Visible="true">
      <Cylinder R="10" H="120" />
      <Color R="138" G="149" B="151" A="0" />
      <TransformMatrix Value="-0.445021552495065,-0.447759929486464,-0.775542947464007,0,0.885513940868514,-0.349122728569534,-0.30655893548171,0,0.133494862606756,0.823179425120939,-0.551864798401893,0,1742.10599594466,-49.3907655072668,33.1118879040993,1" />
    </Entity>
    <Entity ID="316666" Type="simple" Visible="true">
      <Cylinder R="15" H="8" />
      <Color R="138" G="149" B="151" A="0" />
      <TransformMatrix Value="-0.445021552495065,-0.447759929486464,-0.775542947464007,0,0.885513940868514,-0.349122728569534,-0.30655893548171,0,0.133494862606756,0.823179425120939,-0.551864798401893,0,1743.30744970807,-41.9821506811599,28.1451047184993,1" />
    </Entity>
    <Entity ID="316667" Type="simple" Visible="true">
      <Ring R="30" DR="10" Rad="3.14159265358979" />
      <Color R="138" G="149" B="151" A="0" />
      <TransformMatrix Value="0.133494862606757,0.82317942512094,-0.551864798401894,0,-0.445021552495065,-0.447759929486464,-0.775542947464007,0,0.885513940868514,-0.349122728569534,-0.30655893548171,0,1719.44082728684,-30.8636138161359,-53.4573472347337,1" />
    </Entity>
    <Entity ID="316668" Type="simple" Visible="true">
      <Ring R="30" DR="10" Rad="3.14159265358979" />
      <Color R="138" G="149" B="151" A="0" />
      <TransformMatrix Value="-0.885513940868515,0.349122728569534,0.306558935481709,0,0.445021552495065,0.447759929486465,0.775542947464007,0,0.133494862606757,0.82317942512094,-0.551864798401894,0,1701.16331692658,-49.2535922434978,-85.3097242210467,1" />
    </Entity>
    <Entity ID="316669" Type="simple" Visible="true">
      <Cylinder R="10" H="120" />
      <Color R="138" G="149" B="151" A="0" />
      <TransformMatrix Value="-0.885513940868514,0.349122728569534,0.306558935481709,0,-0.133494862606757,-0.82317942512094,0.551864798401894,0,-0.445021552495065,-0.447759929486464,-0.775542947464007,0,1727.72873515267,-59.7272741006138,-94.5064922855146,1" />
    </Entity>
    <Entity ID="316670" Type="simple" Visible="true">
      <Cylinder R="10" H="120" />
      <Color R="138" G="149" B="151" A="0" />
      <TransformMatrix Value="-0.885513940868514,0.349122728569534,0.306558935481709,0,-0.133494862606757,-0.82317942512094,0.551864798401894,0,-0.445021552495065,-0.447759929486464,-0.775542947464007,0,1674.59789870057,-38.7799103864328,-76.1129561566107,1" />
    </Entity>
    <Entity ID="316671" Type="simple" Visible="true">
      <Ring R="30" DR="10" Rad="3.14159265358979" />
      <Color R="138" G="149" B="151" A="0" />
      <TransformMatrix Value="-0.885513940868514,0.349122728569534,0.30655893548171,0,-0.445021552495065,-0.447759929486464,-0.775542947464007,0,0.133494862606757,0.82317942512094,-0.551864798401894,0,1647.76073062716,-102.984783781892,-178.374877916728,1" />
    </Entity>
    <Entity ID="316672" Type="simple" Visible="true">
      <Ring R="30" DR="10" Rad="3.14159265358979" />
      <Color R="138" G="149" B="151" A="0" />
      <TransformMatrix Value="0.133494862606756,0.823179425120939,-0.551864798401893,0,0.445021552495066,0.447759929486465,0.775542947464005,0,0.885513940868514,-0.349122728569534,-0.30655893548171,0,1629.95986852736,-120.89518096135,-209.396595815288,1" />
    </Entity>
    <Entity ID="316673" Type="simple" Visible="true">
      <Cylinder R="10" H="100" />
      <Color R="138" G="149" B="151" A="0" />
      <TransformMatrix Value="-0.133494862606756,-0.823179425120939,0.551864798401893,0,0.885513940868514,-0.349122728569534,-0.30655893548171,0,0.445021552495065,0.447759929486464,0.775542947464007,0,1581.45286739971,-190.366556663632,-270.394946609647,1" />
    </Entity>
    <Entity ID="316674" Type="simple" Visible="true">
      <Cylinder R="10" H="120" />
      <Color R="138" G="149" B="151" A="0" />
      <TransformMatrix Value="0.445021552495065,0.447759929486464,0.775542947464007,0,0.885513940868514,-0.349122728569534,-0.30655893548171,0,0.133494862606756,0.823179425120939,-0.551864798401893,0,1591.2753163568,-201.149560284738,-229.742055145913,1" />
    </Entity>
    <Entity ID="316675" Type="simple" Visible="true">
      <Cylinder R="15" H="8" />
      <Color R="138" G="149" B="151" A="0" />
      <TransformMatrix Value="0.445021552495065,0.447759929486464,0.775542947464007,0,0.885513940868514,-0.349122728569534,-0.30655893548171,0,0.133494862606756,0.823179425120939,-0.551864798401893,0,1592.47677012021,-193.740945458632,-234.708838331512,1" />
    </Entity>
    <Entity ID="316676" Type="simple" Visible="true">
      <Cylinder R="10" H="100" />
      <Color R="138" G="149" B="151" A="0" />
      <TransformMatrix Value="-0.133494862606756,-0.823179425120939,0.551864798401893,0,0.885513940868514,-0.349122728569534,-0.30655893548171,0,-0.445021552495065,-0.447759929486464,-0.775542947464007,0,1767.94782841458,38.6077618861331,7.54100355959537,1" />
    </Entity>
    <Entity ID="316677" Type="simple" Visible="true">
      <Cylinder R="15" H="8" />
      <Color R="138" G="149" B="151" A="0" />
      <TransformMatrix Value="-0.445021552495065,-0.447759929486464,-0.775542947464007,0,0.885513940868514,-0.349122728569534,-0.30655893548171,0,0.133494862606756,0.823179425120939,-0.551864798401893,0,1755.85596679315,35.3967152801922,-23.7301863312927,1" />
    </Entity>
    <Entity ID="316678" Type="simple" Visible="true">
      <Cylinder R="15" H="3" />
      <Color R="138" G="149" B="151" A="0" />
      <TransformMatrix Value="-0.445021552495065,-0.447759929486464,-0.775542947464007,0,0.885513940868514,-0.349122728569534,-0.30655893548171,0,0.133494862606756,0.823179425120939,-0.551864798401893,0,1755.45548220534,32.9271770048242,-22.0745919360937,1" />
    </Entity>
    <Entity ID="316679" Type="simple" Visible="true">
      <Cylinder R="15" H="3" />
      <Color R="138" G="149" B="151" A="0" />
      <TransformMatrix Value="-0.394010527123633,-0.46686558496151,-0.791702109441617,0,0.909359569242751,-0.323128704444696,-0.262017202088971,0,0.133494862606756,0.823179425120939,-0.551864798401893,0,1744.37540860901,-35.3967152802188,23.7301863312504,1" />
    </Entity>
    <Entity ID="316680" Type="simple" Visible="true">
      <Cylinder R="15" H="3" />
      <Color R="138" G="149" B="151" A="0" />
      <TransformMatrix Value="0.445021552495065,0.447759929486464,0.775542947464007,0,0.885513940868514,-0.349122728569534,-0.30655893548171,0,0.133494862606756,0.823179425120939,-0.551864798401893,0,1593.54472902106,-187.155510057669,-239.123756718721,1" />
    </Entity>
    <Entity ID="316681" Type="simple" Visible="true">
      <Cylinder R="10" H="100" />
      <Color R="138" G="149" B="151" A="0" />
      <TransformMatrix Value="-0.133494862606756,-0.823179425120939,0.551864798401893,0,0.885513940868514,-0.349122728569534,-0.30655893548171,0,0.445021552495065,0.447759929486464,0.775542947464007,0,1589.46255915609,-140.975791156363,-303.506834513749,1" />
    </Entity>
    <Entity ID="316682" Type="simple" Visible="true">
      <Cylinder R="15" H="3" />
      <Color R="138" G="149" B="151" A="0" />
      <TransformMatrix Value="0.445021552495065,0.447759929486464,0.775542947464007,0,0.885513940868514,-0.349122728569534,-0.30655893548171,0,0.133494862606756,0.823179425120939,-0.551864798401893,0,1604.62480261748,-118.831617772658,-284.928534986105,1" />
    </Entity>
    <Entity ID="316683" Type="simple" Visible="true">
      <Cylinder R="15" H="8" />
      <Color R="138" G="149" B="151" A="0" />
      <TransformMatrix Value="0.445021552495065,0.447759929486464,0.775542947464007,0,0.885513940868514,-0.349122728569534,-0.30655893548171,0,0.133494862606756,0.823179425120939,-0.551864798401893,0,1605.02528720529,-116.362079497279,-286.584129381308,1" />
    </Entity>
    <Entity ID="316684" Type="simple" Visible="false">
      <Ring R="30" DR="13" Rad="6.28318530717959" />
      <Color R="255" G="255" B="255" A="0" />
      <TransformMatrix Value="1,0,0,0,0,1,0,0,0,0,1,0,1599.28500811317,-151.758794777479,-262.853943050014,1" />
    </Entity>
    <Entity ID="316685" Type="simple" Visible="false">
      <Cylinder R="13" H="50" />
      <Color R="255" G="255" B="255" A="0" />
      <TransformMatrix Value="0,1,0,0,0,0,1,0,1,0,0,0,1634.14322821357,-151.758794777479,-262.853943050014,1" />
    </Entity>
    <Entity ID="316686" Type="boolean" Visible="true">
      <Boolean Type="Union" Entity1="316684" Entity2="316685" />
      <Color R="138" G="149" B="151" A="0" />
      <TransformMatrix Value="-0.445021552495065,-0.447759929486464,-0.775542947464007,0,-0.885513940868514,0.349122728569534,0.306558935481709,0,-0.133494862606757,-0.82317942512094,0.551864798401894,0,0,0,0,1" />
    </Entity>
    <Entity ID="316687" Type="simple" Visible="true">
      <TruncatedCone BR="35" TR="60" H="70" />
      <Color R="138" G="149" B="151" A="0" />
      <TransformMatrix Value="-0.885513940868514,0.349122728569534,0.306558935481709,0,-0.133494862606757,-0.82317942512094,0.551864798401894,0,-0.445021552495065,-0.447759929486464,-0.775542947464007,0,1561.52127126212,-189.75490542598,-328.665137183233,1" />
    </Entity>
    <Entity ID="316688" Type="simple" Visible="true">
      <CircularGasket OR="42" IR="17" H="10" Rad="6.28318530717959" />
      <Color R="138" G="149" B="151" A="0" />
      <TransformMatrix Value="-0.445021552495079,-0.447759929486459,-0.775542947464002,0,-0.885513940868507,0.349122728569541,0.306558935481721,0,-0.133494862606757,-0.82317942512094,0.551864798401894,0,160.101381703391,-1613.57549588248,-2755.24167298743,1" />
    </Entity>
    <Entity ID="316689" Type="simple" Visible="false">
      <Cuboid L="100" W="80" H="10" />
      <Color R="255" G="255" B="255" A="0" />
      <TransformMatrix Value="1,0,0,0,0,1,0,0,0,0,1,0,183.019933641195,-1587.07160228253,-2719.22384960622,1" />
    </Entity>
    <Entity ID="316690" Type="simple" Visible="false">
      <Cylinder R="17" H="10" />
      <Color R="255" G="255" B="255" A="0" />
      <TransformMatrix Value="1,0,0,0,0,1,0,0,0,0,1,0,233.019933641196,-1587.07160228253,-2719.22384960622,1" />
    </Entity>
    <Entity ID="316691" Type="boolean" Visible="true">
      <Boolean Type="Difference" Entity1="316689" Entity2="316690" />
      <Color R="138" G="149" B="151" A="0" />
      <TransformMatrix Value="-0.445021552495079,-0.447759929486459,-0.775542947464002,0,-0.885513940868507,0.349122728569541,0.306558935481721,0,-0.133494862606757,-0.82317942512094,0.551864798401894,0,0,0,0,1" />
    </Entity>
    <Entity ID="316692" Type="simple" Visible="true">
      <Cylinder R="60" H="40" />
      <Color R="138" G="149" B="151" A="0" />
      <TransformMatrix Value="-0.885513940868507,0.349122728569541,0.306558935481721,0,-0.133494862606757,-0.82317942512094,0.551864798401894,0,-0.445021552495079,-0.447759929486459,-0.775542947464002,0,214.886053411992,-1544.676452052,-2675.45809620931,1" />
    </Entity>
    <Entity ID="316693" Type="simple" Visible="true">
      <CircularGasket OR="42" IR="17" H="10" Rad="6.28318530717959" />
      <Color R="138" G="149" B="151" A="0" />
      <TransformMatrix Value="-0.445021552495079,-0.447759929486459,-0.775542947464002,0,-0.885513940868507,0.349122728569541,0.306558935481721,0,-0.133494862606757,-0.82317942512094,0.551864798401894,0,166.77612483369,-1572.41652462641,-2782.83491290751,1" />
    </Entity>
    <Entity ID="316694" Type="simple" Visible="false">
      <Cuboid L="100" W="80" H="10" />
      <Color R="255" G="255" B="255" A="0" />
      <TransformMatrix Value="1,0,0,0,0,1,0,0,0,0,1,0,189.694676771495,-1545.91263102647,-2746.8170895263,1" />
    </Entity>
    <Entity ID="316695" Type="simple" Visible="false">
      <Cylinder R="17" H="10" />
      <Color R="255" G="255" B="255" A="0" />
      <TransformMatrix Value="1,0,0,0,0,1,0,0,0,0,1,0,239.694676771495,-1545.91263102647,-2746.8170895263,1" />
    </Entity>
    <Entity ID="316696" Type="boolean" Visible="true">
      <Boolean Type="Difference" Entity1="316694" Entity2="316695" />
      <Color R="138" G="149" B="151" A="0" />
      <TransformMatrix Value="-0.445021552495079,-0.447759929486459,-0.775542947464002,0,-0.885513940868507,0.349122728569541,0.306558935481721,0,-0.133494862606757,-0.82317942512094,0.551864798401894,0,0,0,0,1" />
    </Entity>
    <Entity ID="316697" Type="simple" Visible="true">
      <Cylinder R="100" H="20" />
      <Color R="138" G="149" B="151" A="0" />
      <TransformMatrix Value="-0.885513940868507,0.349122728569541,0.306558935481721,0,-0.133494862606757,-0.82317942512094,0.551864798401894,0,-0.445021552495079,-0.447759929486459,-0.775542947464002,0,223.786484461902,-1535.72125346227,-2659.94723726001,1" />
    </Entity>
    <Entity ID="316698" Type="simple" Visible="true">
      <Cylinder R="10" H="80" />
      <Color R="138" G="149" B="151" A="0" />
      <TransformMatrix Value="-0.445021552495079,-0.447759929486459,-0.775542947464002,0,-0.885513940868507,0.349122728569541,0.306558935481721,0,-0.133494862606757,-0.82317942512094,0.551864798401894,0,168.111073459767,-1564.1847303752,-2788.35356089154,1" />
    </Entity>
    <Entity ID="316699" Type="simple" Visible="true">
      <Cylinder R="20" H="10" />
      <Color R="138" G="149" B="151" A="0" />
      <TransformMatrix Value="-0.445021552495079,-0.447759929486459,-0.775542947464002,0,-0.885513940868507,0.349122728569541,0.306558935481721,0,-0.133494862606757,-0.82317942512094,0.551864798401894,0,158.766433077313,-1621.80729013366,-2749.72302500342,1" />
    </Entity>
    <Entity ID="316700" Type="simple" Visible="true">
      <Cylinder R="20" H="10" />
      <Color R="138" G="149" B="151" A="0" />
      <TransformMatrix Value="-0.445021552495079,-0.447759929486459,-0.775542947464002,0,-0.885513940868507,0.349122728569541,0.306558935481721,0,-0.133494862606757,-0.82317942512094,0.551864798401894,0,168.111073459767,-1564.1847303752,-2788.35356089154,1" />
    </Entity>
    <Entity ID="316701" Type="simple" Visible="true">
      <Cylinder R="10" H="100" />
      <Color R="138" G="149" B="151" A="0" />
      <TransformMatrix Value="-0.885513940868508,0.34912272856954,0.30655893548172,0,0.133494862606757,0.82317942512094,-0.551864798401894,0,0.445021552495078,0.447759929486459,0.775542947464002,0,88.0886662983569,-1635.05150228394,-2840.93645600195,1" />
    </Entity>
    <Entity ID="316702" Type="simple" Visible="true">
      <Cylinder R="10" H="120" />
      <Color R="138" G="149" B="151" A="0" />
      <TransformMatrix Value="0.445021552495078,0.447759929486459,0.775542947464002,0,0.133494862606757,0.82317942512094,-0.551864798401894,0,0.885513940868508,-0.34912272856954,-0.30655893548172,0,75.3505429075631,-1610.66544129434,-2807.64274042583,1" />
    </Entity>
    <Entity ID="316703" Type="simple" Visible="true">
      <Ring R="30" DR="10" Rad="3.14159265358979" />
      <Color R="138" G="149" B="151" A="0" />
      <TransformMatrix Value="0.885513940868507,-0.349122728569541,-0.306558935481721,0,0.445021552495079,0.447759929486459,0.775542947464002,0,0.133494862606757,0.82317942512094,-0.551864798401894,0,159.156239773965,-1600.74919119239,-2772.57892932001,1" />
    </Entity>
    <Entity ID="316704" Type="simple" Visible="true">
      <Cylinder R="10" H="100" />
      <Color R="138" G="149" B="151" A="0" />
      <TransformMatrix Value="-0.885513940868508,0.34912272856954,0.30655893548172,0,0.133494862606757,0.82317942512094,-0.551864798401894,0,0.445021552495078,0.447759929486459,0.775542947464002,0,141.219502750477,-1655.9988659981,-2859.32999213083,1" />
    </Entity>
    <Entity ID="316705" Type="simple" Visible="true">
      <Cylinder R="15" H="8" />
      <Color R="138" G="149" B="151" A="0" />
      <TransformMatrix Value="0.445021552495078,0.447759929486459,0.775542947464002,0,0.133494862606757,0.82317942512094,-0.551864798401894,0,0.885513940868508,-0.34912272856954,-0.30655893548172,0,166.558478817007,-1646.62508233699,-2839.21831078043,1" />
    </Entity>
    <Entity ID="316706" Type="simple" Visible="true">
      <Cylinder R="15" H="3" />
      <Color R="138" G="149" B="151" A="0" />
      <TransformMatrix Value="0.445021552495078,0.447759929486459,0.775542947464002,0,0.133494862606757,0.82317942512094,-0.551864798401894,0,0.885513940868508,-0.34912272856954,-0.30655893548172,0,163.901936994478,-1645.57771415131,-2838.29863397401,1" />
    </Entity>
    <Entity ID="316707" Type="simple" Visible="false">
      <Cylinder R="11" H="22" />
      <Color R="255" G="255" B="255" A="0" />
      <TransformMatrix Value="1,0,0,0,0,0,1,0,0,-1,0,0,120.965833772607,-1625.53365534682,-2818.78641352711,1" />
    </Entity>
    <Entity ID="316708" Type="simple" Visible="false">
      <Cuboid L="80" W="22" H="22" />
      <Color R="255" G="255" B="255" A="0" />
      <TransformMatrix Value="1,0,0,0,0,1,0,0,0,0,1,0,160.965833772607,-1636.53365534682,-2829.78641352711,1" />
    </Entity>
    <Entity ID="316709" Type="boolean" Visible="false">
      <Boolean Type="Union" Entity1="316707" Entity2="316708" />
      <Color R="255" G="255" B="255" A="0" />
      <TransformMatrix Value="1,0,0,0,0,1,0,0,0,0,1,0,0,0,0,1" />
    </Entity>
    <Entity ID="316710" Type="simple" Visible="false">
      <Cylinder R="9" H="22" />
      <Color R="255" G="255" B="255" A="0" />
      <TransformMatrix Value="1,0,0,0,0,0,1,0,0,-1,0,0,120.965833772607,-1625.53365534682,-2818.78641352711,1" />
    </Entity>
    <Entity ID="316711" Type="simple" Visible="false">
      <Cuboid L="80" W="22" H="18" />
      <Color R="255" G="255" B="255" A="0" />
      <TransformMatrix Value="1,0,0,0,0,1,0,0,0,0,1,0,160.965833772607,-1636.53365534682,-2827.78641352711,1" />
    </Entity>
    <Entity ID="316712" Type="boolean" Visible="false">
      <Boolean Type="Union" Entity1="316710" Entity2="316711" />
      <Color R="255" G="255" B="255" A="0" />
      <TransformMatrix Value="1,0,0,0,0,1,0,0,0,0,1,0,0,0,0,1" />
    </Entity>
    <Entity ID="316713" Type="boolean" Visible="false">
      <Boolean Type="Difference" Entity1="316709" Entity2="316712" />
      <Color R="255" G="255" B="255" A="0" />
      <TransformMatrix Value="1,0,0,0,0,1,0,0,0,0,1,0,0,0,0,1" />
    </Entity>
    <Entity ID="316714" Type="simple" Visible="false">
      <Cylinder R="8" H="22" />
      <Color R="255" G="255" B="255" A="0" />
      <TransformMatrix Value="1,0,0,0,0,1,0,0,0,0,1,0,189.965833772607,-1636.53365534682,-2829.78641352711,1" />
    </Entity>
    <Entity ID="316715" Type="boolean" Visible="false">
      <Boolean Type="Difference" Entity1="316713" Entity2="316714" />
      <Color R="255" G="255" B="255" A="0" />
      <TransformMatrix Value="1,0,0,0,0,1,0,0,0,0,1,0,0,0,0,1" />
    </Entity>
    <Entity ID="316716" Type="simple" Visible="false">
      <Cuboid L="50" W="18" H="22" />
      <Color R="255" G="255" B="255" A="0" />
      <TransformMatrix Value="1,0,0,0,0,1,0,0,0,0,1,0,134.965833772607,-1636.53365534682,-2829.78641352711,1" />
    </Entity>
    <Entity ID="316717" Type="boolean" Visible="true">
      <Boolean Type="Difference" Entity1="316715" Entity2="316716" />
      <Color R="138" G="149" B="151" A="0" />
      <TransformMatrix Value="-0.445021552495078,-0.447759929486459,-0.775542947464002,0,-0.885513940868508,0.34912272856954,0.30655893548172,0,-0.133494862606757,-0.82317942512094,0.551864798401894,0,0,0,0,1" />
    </Entity>
    <Entity ID="316718" Type="simple" Visible="true">
      <Cylinder R="10" H="10" />
      <Color R="138" G="149" B="151" A="0" />
      <TransformMatrix Value="0.394010527123631,0.46686558496151,0.791702109441617,0,0.909359569242752,-0.323128704444695,-0.262017202088969,0,-0.133494862606757,-0.82317942512094,0.551864798401894,0,98.6650513739171,-1668.50123474685,-2870.15237720839,1" />
    </Entity>
    <Entity ID="316719" Type="simple" Visible="true">
      <Cylinder R="6" H="50" />
      <Color R="138" G="149" B="151" A="0" />
      <TransformMatrix Value="0.394010527123631,0.46686558496151,0.791702109441617,0,0.909359569242752,-0.323128704444695,-0.262017202088969,0,-0.133494862606757,-0.82317942512094,0.551864798401894,0,103.337371565186,-1639.68995486763,-2889.46764515247,1" />
    </Entity>
    <Entity ID="316720" Type="simple" Visible="true">
      <Cylinder R="10" H="10" />
      <Color R="138" G="149" B="151" A="0" />
      <TransformMatrix Value="0.394010527123631,0.46686558496151,0.791702109441617,0,0.909359569242752,-0.323128704444695,-0.262017202088969,0,-0.133494862606757,-0.82317942512094,0.551864798401894,0,102.803392114717,-1642.9826725681,-2887.26018595885,1" />
    </Entity>
    <Entity ID="316721" Type="simple" Visible="true">
      <PorcelainBushing R1="140" R2="120" R="80" H="2936" N="16" />
      <Color R="91" G="58" B="41" A="0" />
      <TransformMatrix Value="-0.885513940868509,0.349122728569538,0.306558935481716,0,-0.133494862606757,-0.82317942512094,0.551864798401894,0,-0.445021552495074,-0.447759929486461,-0.775542947464002,0,1530.36976258747,-221.098100490022,-382.953143505708,1" />
    </Entity>
    <Entity ID="316722" Type="simple" Visible="false">
      <Cylinder R="11" H="22" />
      <Color R="255" G="255" B="255" A="0" />
      <TransformMatrix Value="1,0,0,0,0,0,1,0,0,-1,0,0,-211,-1811.85737646045,-3138.22903209795,1" />
    </Entity>
    <Entity ID="316723" Type="simple" Visible="false">
      <Cuboid L="80" W="22" H="22" />
      <Color R="255" G="255" B="255" A="0" />
      <TransformMatrix Value="1,0,0,0,0,1,0,0,0,0,1,0,-171,-1822.85737646045,-3149.22903209795,1" />
    </Entity>
    <Entity ID="316724" Type="boolean" Visible="false">
      <Boolean Type="Union" Entity1="316722" Entity2="316723" />
      <Color R="255" G="255" B="255" A="0" />
      <TransformMatrix Value="1,0,0,0,0,1,0,0,0,0,1,0,0,0,0,1" />
    </Entity>
    <Entity ID="316725" Type="simple" Visible="false">
      <Cylinder R="9" H="22" />
      <Color R="255" G="255" B="255" A="0" />
      <TransformMatrix Value="1,0,0,0,0,0,1,0,0,-1,0,0,-211,-1811.85737646045,-3138.22903209795,1" />
    </Entity>
    <Entity ID="316726" Type="simple" Visible="false">
      <Cuboid L="80" W="22" H="18" />
      <Color R="255" G="255" B="255" A="0" />
      <TransformMatrix Value="1,0,0,0,0,1,0,0,0,0,1,0,-171,-1822.85737646045,-3147.22903209795,1" />
    </Entity>
    <Entity ID="316727" Type="boolean" Visible="false">
      <Boolean Type="Union" Entity1="316725" Entity2="316726" />
      <Color R="255" G="255" B="255" A="0" />
      <TransformMatrix Value="1,0,0,0,0,1,0,0,0,0,1,0,0,0,0,1" />
    </Entity>
    <Entity ID="316728" Type="boolean" Visible="false">
      <Boolean Type="Difference" Entity1="316724" Entity2="316727" />
      <Color R="255" G="255" B="255" A="0" />
      <TransformMatrix Value="1,0,0,0,0,1,0,0,0,0,1,0,0,0,0,1" />
    </Entity>
    <Entity ID="316729" Type="simple" Visible="false">
      <Cylinder R="8" H="22" />
      <Color R="255" G="255" B="255" A="0" />
      <TransformMatrix Value="1,0,0,0,0,1,0,0,0,0,1,0,-142,-1822.85737646045,-3149.22903209795,1" />
    </Entity>
    <Entity ID="316730" Type="boolean" Visible="false">
      <Boolean Type="Difference" Entity1="316728" Entity2="316729" />
      <Color R="255" G="255" B="255" A="0" />
      <TransformMatrix Value="1,0,0,0,0,1,0,0,0,0,1,0,0,0,0,1" />
    </Entity>
    <Entity ID="316731" Type="simple" Visible="false">
      <Cuboid L="50" W="18" H="22" />
      <Color R="255" G="255" B="255" A="0" />
      <TransformMatrix Value="1,0,0,0,0,1,0,0,0,0,1,0,-197,-1822.85737646045,-3149.22903209795,1" />
    </Entity>
    <Entity ID="316732" Type="boolean" Visible="true">
      <Boolean Type="Difference" Entity1="316730" Entity2="316731" />
      <Color R="138" G="149" B="151" A="0" />
      <TransformMatrix Value="2.13727114757205E-16,0.5,0.866025403784439,0,-1,-1.89444299918471E-16,3.56166532030758E-16,0,3.42146842346934E-16,-0.866025403784439,0.5,0,0,0,0,1" />
    </Entity>
    <Entity ID="316733" Type="simple" Visible="true">
      <Cylinder R="10" H="10" />
      <Color R="138" G="149" B="151" A="0" />
      <TransformMatrix Value="-9.126243484247E-17,-0.5,-0.866025403784439,0,1,2.50676639875839E-16,-2.50109008158268E-16,0,3.42146842346934E-16,-0.866025403784439,0.5,0,-200,-1786.01763049829,-3073.47327923682,1" />
    </Entity>
    <Entity ID="316734" Type="simple" Visible="true">
      <Cylinder R="10" H="10" />
      <Color R="138" G="149" B="151" A="0" />
      <TransformMatrix Value="-9.126243484247E-17,-0.5,-0.866025403784439,0,1,2.50676639875839E-16,-2.50109008158268E-16,0,3.42146842346934E-16,-0.866025403784439,0.5,0,-200,-1759.17084298097,-3088.97327923682,1" />
    </Entity>
    <Entity ID="316735" Type="simple" Visible="true">
      <Cylinder R="6" H="50" />
      <Color R="138" G="149" B="151" A="0" />
      <TransformMatrix Value="-9.126243484247E-17,-0.5,-0.866025403784439,0,1,2.50676639875839E-16,-2.50109008158268E-16,0,3.42146842346934E-16,-0.866025403784439,0.5,0,-200,-1755.70674136584,-3090.97327923682,1" />
    </Entity>
    <Entity ID="316736" Type="simple" Visible="true">
      <Cylinder R="15" H="8" />
      <Color R="138" G="149" B="151" A="0" />
      <TransformMatrix Value="-9.126243484247E-17,-0.5,-0.866025403784439,0,-2.19682162432199E-16,0.866025403784439,-0.5,0,1,1.44619116003348E-16,-1.888766682009E-16,0,-180,-1809.85737646045,-3134.76493048281,1" />
    </Entity>
    <Entity ID="316737" Type="simple" Visible="true">
      <Cylinder R="15" H="8" />
      <Color R="138" G="149" B="151" A="0" />
      <TransformMatrix Value="-9.126243484247E-17,-0.5,-0.866025403784439,0,-2.19682162432199E-16,0.866025403784439,-0.5,0,1,1.44619116003348E-16,-1.888766682009E-16,0,-228,-1809.85737646045,-3134.76493048281,1" />
    </Entity>
    <Entity ID="316738" Type="simple" Visible="true">
      <Cylinder R="10" H="40" />
      <Color R="138" G="149" B="151" A="0" />
      <TransformMatrix Value="-9.126243484247E-17,-0.5,-0.866025403784439,0,-2.19682162432199E-16,0.866025403784439,-0.5,0,1,1.44619116003348E-16,-1.888766682009E-16,0,-220,-1809.85737646045,-3134.76493048281,1" />
    </Entity>
    <Entity ID="316739" Type="simple" Visible="false">
      <Cylinder R="11" H="22" />
      <Color R="255" G="255" B="255" A="0" />
      <TransformMatrix Value="1,0,0,0,0,0,1,0,0,-1,0,0,189,-1811.85737646045,-3138.22903209795,1" />
    </Entity>
    <Entity ID="316740" Type="simple" Visible="false">
      <Cuboid L="80" W="22" H="22" />
      <Color R="255" G="255" B="255" A="0" />
      <TransformMatrix Value="1,0,0,0,0,1,0,0,0,0,1,0,229,-1822.85737646045,-3149.22903209795,1" />
    </Entity>
    <Entity ID="316741" Type="boolean" Visible="false">
      <Boolean Type="Union" Entity1="316739" Entity2="316740" />
      <Color R="255" G="255" B="255" A="0" />
      <TransformMatrix Value="1,0,0,0,0,1,0,0,0,0,1,0,0,0,0,1" />
    </Entity>
    <Entity ID="316742" Type="simple" Visible="false">
      <Cylinder R="9" H="22" />
      <Color R="255" G="255" B="255" A="0" />
      <TransformMatrix Value="1,0,0,0,0,0,1,0,0,-1,0,0,189,-1811.85737646045,-3138.22903209795,1" />
    </Entity>
    <Entity ID="316743" Type="simple" Visible="false">
      <Cuboid L="80" W="22" H="18" />
      <Color R="255" G="255" B="255" A="0" />
      <TransformMatrix Value="1,0,0,0,0,1,0,0,0,0,1,0,229,-1822.85737646045,-3147.22903209795,1" />
    </Entity>
    <Entity ID="316744" Type="boolean" Visible="false">
      <Boolean Type="Union" Entity1="316742" Entity2="316743" />
      <Color R="255" G="255" B="255" A="0" />
      <TransformMatrix Value="1,0,0,0,0,1,0,0,0,0,1,0,0,0,0,1" />
    </Entity>
    <Entity ID="316745" Type="boolean" Visible="false">
      <Boolean Type="Difference" Entity1="316741" Entity2="316744" />
      <Color R="255" G="255" B="255" A="0" />
      <TransformMatrix Value="1,0,0,0,0,1,0,0,0,0,1,0,0,0,0,1" />
    </Entity>
    <Entity ID="316746" Type="simple" Visible="false">
      <Cylinder R="8" H="22" />
      <Color R="255" G="255" B="255" A="0" />
      <TransformMatrix Value="1,0,0,0,0,1,0,0,0,0,1,0,258,-1822.85737646045,-3149.22903209795,1" />
    </Entity>
    <Entity ID="316747" Type="boolean" Visible="false">
      <Boolean Type="Difference" Entity1="316745" Entity2="316746" />
      <Color R="255" G="255" B="255" A="0" />
      <TransformMatrix Value="1,0,0,0,0,1,0,0,0,0,1,0,0,0,0,1" />
    </Entity>
    <Entity ID="316748" Type="simple" Visible="false">
      <Cuboid L="50" W="18" H="22" />
      <Color R="255" G="255" B="255" A="0" />
      <TransformMatrix Value="1,0,0,0,0,1,0,0,0,0,1,0,203,-1822.85737646045,-3149.22903209795,1" />
    </Entity>
    <Entity ID="316749" Type="boolean" Visible="true">
      <Boolean Type="Difference" Entity1="316747" Entity2="316748" />
      <Color R="138" G="149" B="151" A="0" />
      <TransformMatrix Value="2.13727114757205E-16,0.5,0.866025403784439,0,-1,-1.89444299918471E-16,3.56166532030758E-16,0,3.42146842346934E-16,-0.866025403784439,0.5,0,0,0,0,1" />
    </Entity>
    <Entity ID="316750" Type="simple" Visible="true">
      <Cylinder R="10" H="10" />
      <Color R="138" G="149" B="151" A="0" />
      <TransformMatrix Value="-9.126243484247E-17,-0.5,-0.866025403784439,0,1,2.50676639875839E-16,-2.50109008158268E-16,0,3.42146842346934E-16,-0.866025403784439,0.5,0,200,-1786.01763049829,-3073.47327923682,1" />
    </Entity>
    <Entity ID="316751" Type="simple" Visible="true">
      <Cylinder R="10" H="10" />
      <Color R="138" G="149" B="151" A="0" />
      <TransformMatrix Value="-9.126243484247E-17,-0.5,-0.866025403784439,0,1,2.50676639875839E-16,-2.50109008158268E-16,0,3.42146842346934E-16,-0.866025403784439,0.5,0,200,-1759.17084298097,-3088.97327923682,1" />
    </Entity>
    <Entity ID="316752" Type="simple" Visible="true">
      <Cylinder R="6" H="50" />
      <Color R="138" G="149" B="151" A="0" />
      <TransformMatrix Value="-9.126243484247E-17,-0.5,-0.866025403784439,0,1,2.50676639875839E-16,-2.50109008158268E-16,0,3.42146842346934E-16,-0.866025403784439,0.5,0,200,-1755.70674136584,-3090.97327923682,1" />
    </Entity>
    <Entity ID="316753" Type="simple" Visible="true">
      <Cylinder R="15" H="8" />
      <Color R="138" G="149" B="151" A="0" />
      <TransformMatrix Value="-9.126243484247E-17,-0.5,-0.866025403784439,0,-2.19682162432199E-16,0.866025403784439,-0.5,0,1,1.44619116003348E-16,-1.888766682009E-16,0,220,-1809.85737646045,-3134.76493048281,1" />
    </Entity>
    <Entity ID="316754" Type="simple" Visible="true">
      <Cylinder R="15" H="8" />
      <Color R="138" G="149" B="151" A="0" />
      <TransformMatrix Value="-9.126243484247E-17,-0.5,-0.866025403784439,0,-2.19682162432199E-16,0.866025403784439,-0.5,0,1,1.44619116003348E-16,-1.888766682009E-16,0,172,-1809.85737646045,-3134.76493048281,1" />
    </Entity>
    <Entity ID="316755" Type="simple" Visible="true">
      <Cylinder R="10" H="40" />
      <Color R="138" G="149" B="151" A="0" />
      <TransformMatrix Value="-9.126243484247E-17,-0.5,-0.866025403784439,0,-2.19682162432199E-16,0.866025403784439,-0.5,0,1,1.44619116003348E-16,-1.888766682009E-16,0,180,-1809.85737646045,-3134.76493048281,1" />
    </Entity>
    <Entity ID="316756" Type="simple" Visible="true">
      <Cylinder R="13.5" H="100" />
      <Color R="138" G="149" B="151" A="0" />
      <TransformMatrix Value="8.23663555176074E-15,-0.654503518127495,-0.756058955874958,0,-9.73926149995007E-15,-0.756058955874958,0.654503518127495,0,-1,1.97254893448404E-15,-1.26017629908678E-14,0,51.1516753567994,-1873.04648869324,-3201.55253538218,1" />
    </Entity>
    <Entity ID="316757" Type="simple" Visible="true">
      <Cylinder R="12" H="80" />
      <Color R="138" G="149" B="151" A="0" />
      <TransformMatrix Value="6.66868156075311E-16,-0.944846151502183,-0.327514503482692,0,4.87646788582806E-16,-0.327514503482692,0.944846151502183,0,1,7.89799206664742E-16,-2.42342198459438E-16,0,-39.3569741792999,-1813.19301915244,-3097.88328512826,1" />
    </Entity>
    <Entity ID="316758" Type="simple" Visible="true">
      <OffsetRectangularTable TL="300" TW="20" LL="0.01" LW="20" H="200" XOFF="150" YOFF="0" />
      <Color R="138" G="149" B="151" A="0" />
      <TransformMatrix Value="8.36891125336938E-15,-1,-1.24252607829892E-14,0,-1,-8.36891125336925E-15,-1.00287238652508E-14,0,1.00287238652507E-14,1.24252607829892E-14,-1,0,-23.8483246432006,-1825.59565859127,-3091.58322588083,1" />
    </Entity>
    <Entity ID="316759" Type="simple" Visible="true">
      <OffsetRectangularTable TL="300" TW="20" LL="0.01" LW="20" H="200" XOFF="150" YOFF="0" />
      <Color R="138" G="149" B="151" A="0" />
      <TransformMatrix Value="8.36891125336938E-15,-1,-1.24252607829892E-14,0,-1,-8.36891125336925E-15,-1.00287238652508E-14,0,1.00287238652507E-14,1.24252607829892E-14,-1,0,26.1516753567994,-1825.59565859127,-3091.58322588083,1" />
    </Entity>
    <Entity ID="316760" Type="simple" Visible="true">
      <CircularGasket OR="25" IR="13.5" H="9" Rad="6.28318530717959" />
      <Color R="138" G="149" B="151" A="0" />
      <TransformMatrix Value="-0.0109967328754761,0.499969767052512,0.865973038783264,0,-0.0277402984454207,0.865539550056536,-0.50007175798088,0,-0.999554674696799,-0.0295215060826211,0.00435120332659263,0,-13.7257142446997,-1814.34435788967,-3097.71358819852,1" />
    </Entity>
    <Entity ID="316761" Type="simple" Visible="true">
      <CircularGasket OR="25" IR="13.5" H="9" Rad="6.28318530717959" />
      <Color R="138" G="149" B="151" A="0" />
      <TransformMatrix Value="-0.0109967328754761,0.499969767052512,0.865973038783264,0,-0.0277402984454207,0.865539550056536,-0.50007175798088,0,-0.999554674696799,-0.0295215060826211,0.00435120332659263,0,25.2569180685005,-1813.19301915245,-3097.88328512825,1" />
    </Entity>
    <Entity ID="316762" Type="simple" Visible="true">
      <CircularGasket OR="24" IR="15" H="24" Rad="3.14159265358979" />
      <Color R="138" G="149" B="151" A="0" />
      <TransformMatrix Value="-0.999554674696799,-0.0295215060826212,0.00435120332659276,0,0.010996732875476,-0.499969767052512,-0.865973038783264,0,0.0277402984454207,-0.865539550056536,0.50007175798088,0,0,-1761.01763049829,-3030.1720090476,1" />
    </Entity>
    <Entity ID="316763" Type="simple" Visible="true">
      <Cuboid L="66" W="9" H="24" />
      <Color R="138" G="149" B="151" A="0" />
      <TransformMatrix Value="-0.0109967328754761,0.499969767052512,0.865973038783264,0,-0.999554674696799,-0.0295215060826211,0.00435120332659263,0,0.0277402984454207,-0.865539550056536,0.50007175798088,0,-19.1284239717006,-1778.09230217963,-3058.66427086258,1" />
    </Entity>
    <Entity ID="316764" Type="simple" Visible="true">
      <Cuboid L="66" W="9" H="24" />
      <Color R="138" G="149" B="151" A="0" />
      <TransformMatrix Value="-0.0109967328754761,0.499969767052512,0.865973038783264,0,-0.999554674696799,-0.0295215060826211,0.00435120332659263,0,0.0277402984454207,-0.865539550056536,0.50007175798088,0,19.8542083414995,-1776.94096344242,-3058.83396779232,1" />
    </Entity>
    <Entity ID="316765" Type="simple" Visible="false">
      <Cylinder R="36" H="26" />
      <Color R="138" G="149" B="151" A="0" />
      <TransformMatrix Value="-1,-1.22464679914735E-16,0,0,-1.22464679914735E-16,1,0,0,0,0,1,0,-12.0074864072994,-1873.81404785139,-3201.43940409569,1" />
    </Entity>
    <Entity ID="316766" Type="simple" Visible="false">
      <Cylinder R="15" H="26" />
      <Color R="138" G="149" B="151" A="0" />
      <TransformMatrix Value="-1,-1.22464679914735E-16,0,0,-1.22464679914735E-16,1,0,0,0,0,1,0,-12.0074864072994,-1873.81404785139,-3201.43940409569,1" />
    </Entity>
    <Entity ID="316767" Type="boolean" Visible="false">
      <Boolean Type="Difference" Entity1="316765" Entity2="316766" />
      <Color R="138" G="149" B="151" A="0" />
      <TransformMatrix Value="1,0,0,0,0,1,0,0,0,0,1,0,0,0,0,1" />
    </Entity>
    <Entity ID="316768" Type="simple" Visible="false">
      <Cylinder R="15" H="26" />
      <Color R="255" G="255" B="255" A="0" />
      <TransformMatrix Value="1,0,0,0,0,1,0,0,0,0,1,0,-12.0074864072994,-1873.81404785139,-3201.43940409569,1" />
    </Entity>
    <Entity ID="316769" Type="boolean" Visible="true">
      <Boolean Type="Difference" Entity1="316767" Entity2="316768" />
      <Color R="138" G="149" B="151" A="0" />
      <TransformMatrix Value="0.0109967328754794,-0.499969767052479,-0.865973038783283,0,-0.0277402984454266,0.865539550056555,-0.500071757980848,0,0.999554674696799,0.0295215060826281,-0.00435120332659157,0,0,0,0,1" />
    </Entity>
    <Entity ID="316770" Type="simple" Visible="false">
      <Cylinder R="36" H="26" />
      <Color R="138" G="149" B="151" A="0" />
      <TransformMatrix Value="1,3.20474742746036E-31,0,0,-3.20474742746036E-31,1,0,0,0,0,1,0,-13.3270943524003,-1813.9605783106,-3097.77015384176,1" />
    </Entity>
    <Entity ID="316771" Type="simple" Visible="false">
      <Cylinder R="15" H="26" />
      <Color R="255" G="255" B="255" A="0" />
      <TransformMatrix Value="1,0,0,0,0,1,0,0,0,0,1,0,-13.3270943524003,-1813.9605783106,-3097.77015384176,1" />
    </Entity>
    <Entity ID="316772" Type="boolean" Visible="true">
      <Boolean Type="Difference" Entity1="316770" Entity2="316771" />
      <Color R="138" G="149" B="151" A="0" />
      <TransformMatrix Value="0.0109967328754794,-0.499969767052479,-0.865973038783283,0,-0.0277402984454266,0.865539550056555,-0.500071757980848,0,0.999554674696799,0.0295215060826281,-0.00435120332659157,0,0,0,0,1" />
    </Entity>
    <Entity ID="316773" Type="simple" Visible="false">
      <Cuboid L="120" W="72" H="26" />
      <Color R="138" G="149" B="151" A="0" />
      <TransformMatrix Value="1,0,0,0,0,1,0,0,0,0,1,0,-12.6672903799008,-1843.95876433375,-3149.72853616875,1" />
    </Entity>
    <Entity ID="316774" Type="simple" Visible="false">
      <Cylinder R="15" H="26" />
      <Color R="255" G="255" B="255" A="0" />
      <TransformMatrix Value="1,0,0,0,0,1,0,0,0,0,1,0,47.3327096200992,-1843.95876433375,-3149.72853616875,1" />
    </Entity>
    <Entity ID="316775" Type="boolean" Visible="false">
      <Boolean Type="Difference" Entity1="316773" Entity2="316774" />
      <Color R="138" G="149" B="151" A="0" />
      <TransformMatrix Value="1,0,0,0,0,1,0,0,0,0,1,0,0,0,0,1" />
    </Entity>
    <Entity ID="316776" Type="simple" Visible="false">
      <Cylinder R="15" H="26" />
      <Color R="138" G="149" B="151" A="0" />
      <TransformMatrix Value="1,3.20474742746036E-31,0,0,-3.20474742746036E-31,1,0,0,0,0,1,0,-72.6672903799008,-1843.95876433375,-3149.72853616875,1" />
    </Entity>
    <Entity ID="316777" Type="boolean" Visible="true">
      <Boolean Type="Difference" Entity1="316775" Entity2="316776" />
      <Color R="138" G="149" B="151" A="0" />
      <TransformMatrix Value="0.0109967328754794,-0.499969767052479,-0.865973038783283,0,-0.0277402984454266,0.865539550056555,-0.500071757980848,0,0.999554674696799,0.0295215060826281,-0.00435120332659157,0,0,0,0,1" />
    </Entity>
    <Entity ID="316778" Type="simple" Visible="true">
      <Cylinder R="12" H="80" />
      <Color R="138" G="149" B="151" A="0" />
      <TransformMatrix Value="0.654503518127505,-0.378029477937474,-0.654766262546445,0,0.75605895587495,0.327251759063753,0.566816673564708,0,-7.43924936132814E-16,0.866025403784439,-0.5,0,0.665767162699922,-1804.30724019805,-3005.17028685607,1" />
    </Entity>
    <Entity ID="316779" Type="simple" Visible="true">
      <CircularGasket OR="170" IR="125" H="500" Rad="6.28318530717959" />
