<?xml version="1.0" encoding="utf-8"?>
<Device>
  <Entities>
    <Entity ID="2" Type="simple" Visible="true">
      <Cylinder R="30" H="50" />
      <Color R="138" G="149" B="151" A="0" />
      <TransformMatrix Value="1,0,0,0,0,-0.500000000000002,-0.866025403784437,0,0,-0.866025403784437,0.500000000000002,0,326.675258757277,35.8450819978027,77.0103726399203,1" />
    </Entity>
    <Entity ID="3" Type="simple" Visible="true">
      <Cylinder R="30" H="50" />
      <Color R="138" G="149" B="151" A="0" />
      <TransformMatrix Value="-1,0,0,0,0,-0.500000000000002,-0.866025403784437,0,0,-0.866025403784437,0.500000000000002,0,-326.675258757277,35.8450819978027,77.0103726399203,1" />
    </Entity>
    <Entity ID="4" Type="simple" Visible="true">
      <Cylinder R="50" H="10" />
      <Color R="138" G="149" B="151" A="0" />
      <TransformMatrix Value="-1,0,0,0,0,-0.500000000000002,-0.866025403784437,0,0,-0.866025403784437,0.500000000000002,0,-326.675258757277,-7.45618819142971,102.010372639903,1" />
    </Entity>
    <Entity ID="5" Type="simple" Visible="true">
      <Cylinder R="50" H="10" />
      <Color R="138" G="149" B="151" A="0" />
      <TransformMatrix Value="1,0,0,0,0,-0.500000000000002,-0.866025403784437,0,0,-0.866025403784437,0.500000000000002,0,326.675258757277,-7.45618819142972,102.010372639903,1" />
    </Entity>
    <Entity ID="6" Type="simple" Visible="true">
      <Cylinder R="30" H="50" />
      <Color R="138" G="149" B="151" A="0" />
      <TransformMatrix Value="-1,0,0,0,0,-0.500000000000002,-0.866025403784437,0,0,-0.866025403784437,0.500000000000002,0,-10.4310471179122,60.4756347358871,109.671741400796,1" />
    </Entity>
    <Entity ID="7" Type="simple" Visible="true">
      <Cylinder R="100" H="200" />
      <Color R="138" G="149" B="151" A="0" />
      <TransformMatrix Value="-0.707095330842623,0.707118231231881,-1.26513741940948E-05,0,0.557222277911139,0.557193216900039,-0.61566147519567,0,-0.435338404118087,-0.435338404118087,-0.788010753606722,0,359.056354298238,143.677375605563,124.821720728512,1" />
    </Entity>
    <Entity ID="8" Type="simple" Visible="true">
      <Cylinder R="151" H="25" />
      <Color R="138" G="149" B="151" A="0" />
      <TransformMatrix Value="0.557207747523231,-0.557207747523239,0.615661475325658,0,0.707106781186552,0.707106781186543,0,0,-0.435338404118084,0.43533840411809,0.788010753606722,0,-360.884813559547,140.160033168418,125.754748232447,1" />
    </Entity>
    <Entity ID="9" Type="simple" Visible="true">
      <Cylinder R="100" H="200" />
      <Color R="138" G="149" B="151" A="0" />
      <TransformMatrix Value="-0.707106781186552,-0.707106781186543,0,0,-0.557207747523232,0.557207747523239,-0.615661475325658,0,0.435338404118084,-0.43533840411809,-0.788010753606723,0,-359.861950853935,139.296812520168,126.79671944102,1" />
    </Entity>
    <Entity ID="10" Type="simple" Visible="true">
      <Cylinder R="151" H="25" />
      <Color R="138" G="149" B="151" A="0" />
      <TransformMatrix Value="-0.557207747523238,-0.557207747523232,0.615661475325658,0,0.707106781186544,-0.707106781186551,0,0,0.435338404118089,0.435338404118085,0.788010753606722,0,359.215933189381,139.757802300091,126.898938533388,1" />
    </Entity>
    <Entity ID="11" Type="simple" Visible="true">
      <Cylinder R="50" H="10" />
      <Color R="138" G="149" B="151" A="0" />
      <TransformMatrix Value="-1,0,0,0,0,-0.500000000000002,-0.866025403784437,0,0,-0.866025403784437,0.500000000000002,0,-10.4310471179127,17.1743645466548,134.671741400779,1" />
    </Entity>
    <Entity ID="12" Type="simple" Visible="true">
      <PorcelainBushing R1="100" R2="100" R="65" H="425" N="20" />
      <Color R="91" G="58" B="41" A="0" />
      <TransformMatrix Value="0.707106781186552,0.707106781186543,0,0,-0.557207747523232,0.557207747523239,-0.615661475325658,0,-0.435338404118084,0.43533840411809,0.788010753606723,0,-372.81762593332,151.318263071031,144.72350270383,1" />
    </Entity>
    <Entity ID="13" Type="simple" Visible="true">
      <PorcelainBushing R1="100" R2="100" R="65" H="425" N="20" />
      <Color R="91" G="58" B="41" A="0" />
      <TransformMatrix Value="-0.707124537179695,0.707089024475344,1.96190774905403E-05,0,-0.557185214105973,-0.557230280374661,0.615661475013061,0,0.435338404118087,0.435338404118087,0.788010753606722,0,368.292078487969,149.743707591197,148.093518988821,1" />
    </Entity>
    <Entity ID="14" Type="simple" Visible="true">
      <Cylinder R="100" H="200" />
      <Color R="138" G="149" B="151" A="0" />
      <TransformMatrix Value="-0.999999999788864,1.77961622728272E-05,-1.02746190630193E-05,0,2.05492381496482E-05,0.866025403601589,-0.499999999894435,0,0,-0.500000000000002,-0.866025403784437,0,-1.69008282200214,158.829577452024,167.569584715844,1" />
    </Entity>
    <Entity ID="15" Type="simple" Visible="true">
      <Cylinder R="151" H="25" />
      <Color R="138" G="149" B="151" A="0" />
      <TransformMatrix Value="-1,0,0,0,0,-0.866025403784437,0.500000000000002,0,0,0.500000000000002,0.866025403784437,0,0.967741935483954,152.210796074336,171.390939925959,1" />
    </Entity>
    <Entity ID="16" Type="simple" Visible="true">
      <PorcelainBushing R1="100" R2="100" R="65" H="425" N="20" />
      <Color R="91" G="58" B="41" A="0" />
      <TransformMatrix Value="-1,0,0,0,0,-0.866025403784437,0.500000000000002,0,0,0.500000000000002,0.866025403784437,0,-1.53225806452258,168.846597543605,190.65376892897,1" />
    </Entity>
    <Entity ID="17" Type="simple" Visible="true">
      <Cylinder R="50" H="65" />
      <Color R="138" G="149" B="151" A="0" />
      <TransformMatrix Value="0.707106781186552,0.707106781186543,0,0,-0.557207747523232,0.557207747523239,-0.615661475325658,0,-0.435338404118084,0.43533840411809,0.788010753606723,0,-556.673799650326,334.418936779257,481.33006606308,1" />
    </Entity>
    <Entity ID="18" Type="simple" Visible="true">
      <Cylinder R="50" H="65" />
      <Color R="138" G="149" B="151" A="0" />
      <TransformMatrix Value="0.707106781186543,-0.707106781186552,0,0,0.557207747523239,0.557207747523232,-0.615661475325658,0,0.43533840411809,0.435338404118084,0.788010753606723,0,554.641389165784,335.208982017872,482.016413680826,1" />
    </Entity>
    <Entity ID="19" Type="simple" Visible="true">
      <TerminalBlock L="80" W="80" T="15" CL="1" CS="40" RS="40" R="7" CN="2" RN="2" BL="20" Phase="A" />
      <Color R="138" G="149" B="151" A="0" />
      <TransformMatrix Value="-0.557207747523228,0.557207747523242,-0.615661475325658,0,-0.707106781186556,-0.707106781186539,0,0,-0.435338404118082,0.435338404118092,0.788010753606722,0,-586.545298583731,360.784300403769,532.748062348001,1" />
    </Entity>
    <Entity ID="20" Type="simple" Visible="true">
      <TerminalBlock L="80" W="80" T="15" CL="1" CS="40" RS="40" R="7" CN="2" RN="2" BL="20" Phase="A" />
      <Color R="138" G="149" B="151" A="0" />
      <TransformMatrix Value="0.55720774752324,0.55720774752323,-0.615661475325658,0,-0.707106781186542,0.707106781186554,0,0,0.43533840411809,0.435338404118084,0.788010753606722,0,582.172299724031,363.395861106798,533.721173022652,1" />
    </Entity>
    <Entity ID="21" Type="simple" Visible="true">
      <Cylinder R="50" H="65" />
      <Color R="138" G="149" B="151" A="0" />
      <TransformMatrix Value="0,-0.866025403784437,0.500000000000002,0,1,0,0,0,0,0.500000000000002,0.866025403784437,0,-1.53225806451978,382.640031338096,557.967801187925,1" />
    </Entity>
    <Entity ID="22" Type="simple" Visible="true">
      <TerminalBlock L="80" W="80" T="15" CL="1" CS="40" RS="40" R="7" CN="2" RN="2" BL="20" Phase="A" />
      <Color R="138" G="149" B="151" A="0" />
      <TransformMatrix Value="0,0.866025403784437,-0.500000000000002,0,-1,0,0,0,0,0.500000000000002,0.866025403784437,0,0.967741935476501,415.266019190646,614.186713313325,1" />
    </Entity>
  </Entities>
</Device>