<?xml version="1.0" encoding="utf-8"?>
<Device>
  <Entities>
    <Entity ID="47722" Type="simple" Visible="true">
      <Cuboid L="800" W="800" H="150" />
      <Color R="231" G="235" B="218" A="0" />
      <TransformMatrix Value="1,0,0,0,0,1,0,0,0,0,1,0,0,-7.45058059692383E-09,-7.105427357601E-15,1" />
    </Entity>
    <Entity ID="47723" Type="simple" Visible="true">
      <Cuboid L="650" W="650" H="20" />
      <Color R="231" G="235" B="218" A="0" />
      <TransformMatrix Value="1,0,0,0,0,1,0,0,0,0,1,0,0,-7.45058059692383E-09,150,1" />
    </Entity>
    <Entity ID="47724" Type="simple" Visible="true">
      <StretchedBody L="10" Normal="0,0,1" Array="-1389.94949366713,-400.00000000596,368.33445213816;-1389.94949366713,-450.00000000596,368.33445213816;-1259.94949366713,-450.00000000596,368.33445213816;-1259.94949366713,-240.00000000596,368.33445213816;-1309.94949366713,-240.00000000596,368.33445213816" />
      <Color R="231" G="235" B="218" A="0" />
      <TransformMatrix Value="0.38268343236509,0.923879532511286,0,0,-5.65713056143851E-17,2.34326020266315E-17,1,0,0.923879532511286,-0.38268343236509,6.12323399573677E-17,0,56.8822169347615,1112.89575692657,620.00000000596,1" />
    </Entity>
    <Entity ID="47725" Type="simple" Visible="true">
      <Cylinder R="210" H="3014" />
      <Color R="231" G="235" B="218" A="0" />
      <TransformMatrix Value="1,0,0,0,0,1,0,0,0,0,1,0,0,-7.45058059692383E-09,170,1" />
    </Entity>
    <Entity ID="47726" Type="simple" Visible="true">
      <StretchedBody L="10" Normal="0,0,1" Array="-1389.94949366713,-400.00000000596,368.33445213816;-1389.94949366713,-450.00000000596,368.33445213816;-1259.94949366713,-450.00000000596,368.33445213816;-1259.94949366713,-240.00000000596,368.33445213816;-1309.94949366713,-240.00000000596,368.33445213816" />
      <Color R="231" G="235" B="218" A="0" />
      <TransformMatrix Value="-0.923879532511287,0.382683432365089,0,0,2.34326020266315E-17,5.65713056143851E-17,1,0,-0.382683432365089,-0.923879532511287,6.12323399573677E-17,0,-827.157937805278,746.714335150838,620.00000000596,1" />
    </Entity>
    <Entity ID="47727" Type="simple" Visible="true">
      <StretchedBody L="10" Normal="0,0,1" Array="-1389.94949366713,-400.00000000596,368.33445213816;-1389.94949366713,-450.00000000596,368.33445213816;-1259.94949366713,-450.00000000596,368.33445213816;-1259.94949366713,-240.00000000596,368.33445213816;-1309.94949366713,-240.00000000596,368.33445213816" />
      <Color R="231" G="235" B="218" A="0" />
      <TransformMatrix Value="0.923879532511287,-0.382683432365089,0,0,-2.34326020266315E-17,-5.65713056143851E-17,1,0,0.382683432365089,0.923879532511287,6.12323399573677E-17,0,827.157937805278,-746.714335165739,620.00000000596,1" />
    </Entity>
    <Entity ID="47728" Type="simple" Visible="true">
      <StretchedBody L="10" Normal="0,0,1" Array="-1389.94949366713,-400.00000000596,368.33445213816;-1389.94949366713,-450.00000000596,368.33445213816;-1259.94949366713,-450.00000000596,368.33445213816;-1259.94949366713,-240.00000000596,368.33445213816;-1309.94949366713,-240.00000000596,368.33445213816" />
      <Color R="231" G="235" B="218" A="0" />
      <TransformMatrix Value="-0.38268343236509,-0.923879532511286,0,0,5.65713056143851E-17,-2.34326020266315E-17,1,0,-0.923879532511286,0.38268343236509,6.12323399573677E-17,0,-56.8822169347619,-1112.89575694147,620.00000000596,1" />
    </Entity>
    <Entity ID="47729" Type="simple" Visible="true">
      <StretchedBody L="10" Normal="0,0,1" Array="-1389.94949366713,-400.00000000596,368.33445213816;-1389.94949366713,-450.00000000596,368.33445213816;-1259.94949366713,-450.00000000596,368.33445213816;-1259.94949366713,-240.00000000596,368.33445213816;-1309.94949366713,-240.00000000596,368.33445213816" />
      <Color R="231" G="235" B="218" A="0" />
      <TransformMatrix Value="0.923879532511287,0.382683432365089,0,0,-2.34326020266315E-17,5.65713056143851E-17,1,0,0.382683432365089,-0.923879532511287,6.12323399573677E-17,0,827.157937805278,746.71433515084,620.00000000596,1" />
    </Entity>
    <Entity ID="47730" Type="simple" Visible="true">
      <StretchedBody L="10" Normal="0,0,1" Array="-1389.94949366713,-400.00000000596,368.33445213816;-1389.94949366713,-450.00000000596,368.33445213816;-1259.94949366713,-450.00000000596,368.33445213816;-1259.94949366713,-240.00000000596,368.33445213816;-1309.94949366713,-240.00000000596,368.33445213816" />
      <Color R="231" G="235" B="218" A="0" />
      <TransformMatrix Value="-0.923879532511287,0.382683432365089,0,0,2.34326020266315E-17,5.65713056143851E-17,1,0,-0.382683432365089,-0.923879532511287,6.12323399573677E-17,0,-827.157937805278,746.71433515084,620.00000000596,1" />
    </Entity>
    <Entity ID="47731" Type="simple" Visible="true">
      <StretchedBody L="10" Normal="0,0,1" Array="-1389.94949366713,-400.00000000596,368.33445213816;-1389.94949366713,-450.00000000596,368.33445213816;-1259.94949366713,-450.00000000596,368.33445213816;-1259.94949366713,-240.00000000596,368.33445213816;-1309.94949366713,-240.00000000596,368.33445213816" />
      <Color R="231" G="235" B="218" A="0" />
      <TransformMatrix Value="0.38268343236509,-0.923879532511286,0,0,-5.65713056143851E-17,-2.34326020266315E-17,1,0,0.923879532511286,0.38268343236509,6.12323399573677E-17,0,56.882216934762,-1112.89575694147,620.00000000596,1" />
    </Entity>
    <Entity ID="47732" Type="simple" Visible="true">
      <StretchedBody L="10" Normal="0,0,1" Array="-1389.94949366713,-400.00000000596,368.33445213816;-1389.94949366713,-450.00000000596,368.33445213816;-1259.94949366713,-450.00000000596,368.33445213816;-1259.94949366713,-240.00000000596,368.33445213816;-1309.94949366713,-240.00000000596,368.33445213816" />
      <Color R="231" G="235" B="218" A="0" />
      <TransformMatrix Value="-0.38268343236509,0.923879532511286,0,0,5.65713056143851E-17,2.34326020266315E-17,1,0,-0.923879532511286,-0.38268343236509,6.12323399573677E-17,0,-56.8822169347616,1112.89575692657,620.00000000596,1" />
    </Entity>
    <Entity ID="47733" Type="simple" Visible="true">
      <StretchedBody L="10" Normal="0,0,1" Array="-1389.94949366713,-400.00000000596,368.33445213816;-1389.94949366713,-450.00000000596,368.33445213816;-1259.94949366713,-450.00000000596,368.33445213816;-1259.94949366713,-240.00000000596,368.33445213816;-1309.94949366713,-240.00000000596,368.33445213816" />
      <Color R="231" G="235" B="218" A="0" />
      <TransformMatrix Value="-0.923879532511287,-0.382683432365089,0,0,2.34326020266315E-17,-5.65713056143851E-17,1,0,-0.382683432365089,0.923879532511287,6.12323399573677E-17,0,-827.157937805278,-746.714335165739,620.00000000596,1" />
    </Entity>
    <Entity ID="47734" Type="simple" Visible="true">
      <Cuboid L="650" W="650" H="16" />
      <Color R="231" G="235" B="218" A="0" />
      <TransformMatrix Value="1,0,0,0,0,1,0,0,0,0,1,0,0,-7.45058059692383E-09,3184,1" />
    </Entity>
    <Entity ID="47735" Type="simple" Visible="true">
      <StretchedBody L="10" Normal="0,0,1" Array="-1389.94949366713,-400.00000000596,368.33445213816;-1389.94949366713,-450.00000000596,368.33445213816;-1259.94949366713,-450.00000000596,368.33445213816;-1259.94949366713,-240.00000000596,368.33445213816;-1309.94949366713,-240.00000000596,368.33445213816" />
      <Color R="231" G="235" B="218" A="0" />
      <TransformMatrix Value="0.38268343236509,0.923879532511286,-9.3730408106526E-17,0,-3.01500665443856E-16,2.34326020266315E-17,-1,0,0.923879532511286,-0.38268343236509,-2.87517562414908E-16,0,56.8822169347618,1112.89575692657,2733.99999999404,1" />
    </Entity>
    <Entity ID="47736" Type="simple" Visible="true">
      <StretchedBody L="10" Normal="0,0,1" Array="-1389.94949366713,-400.00000000596,368.33445213816;-1389.94949366713,-450.00000000596,368.33445213816;-1259.94949366713,-450.00000000596,368.33445213816;-1259.94949366713,-240.00000000596,368.33445213816;-1309.94949366713,-240.00000000596,368.33445213816" />
      <Color R="231" G="235" B="218" A="0" />
      <TransformMatrix Value="-0.923879532511287,0.382683432365089,2.2628522245754E-16,0,-2.21496757802839E-16,5.65713056143851E-17,-1,0,-0.382683432365089,-0.923879532511287,3.24980681491581E-17,0,-827.157937805278,746.714335150838,2733.99999999404,1" />
    </Entity>
    <Entity ID="47737" Type="simple" Visible="true">
      <StretchedBody L="10" Normal="0,0,1" Array="-1389.94949366713,-400.00000000596,368.33445213816;-1389.94949366713,-450.00000000596,368.33445213816;-1259.94949366713,-450.00000000596,368.33445213816;-1259.94949366713,-240.00000000596,368.33445213816;-1309.94949366713,-240.00000000596,368.33445213816" />
      <Color R="231" G="235" B="218" A="0" />
      <TransformMatrix Value="0.923879532511287,-0.382683432365089,-2.2628522245754E-16,0,-2.68361961856102E-16,-5.65713056143851E-17,-1,0,0.382683432365089,0.923879532511287,-1.54962748063893E-16,0,827.157937805278,-746.714335165739,2733.99999999404,1" />
    </Entity>
    <Entity ID="47738" Type="simple" Visible="true">
      <StretchedBody L="10" Normal="0,0,1" Array="-1389.94949366713,-400.00000000596,368.33445213816;-1389.94949366713,-450.00000000596,368.33445213816;-1259.94949366713,-450.00000000596,368.33445213816;-1259.94949366713,-240.00000000596,368.33445213816;-1309.94949366713,-240.00000000596,368.33445213816" />
      <Color R="231" G="235" B="218" A="0" />
      <TransformMatrix Value="-0.38268343236509,-0.923879532511286,9.3730408106526E-17,0,-1.88358054215086E-16,-2.34326020266315E-17,-1,0,-0.923879532511286,0.38268343236509,1.65052882500172E-16,0,-56.8822169347616,-1112.89575694147,2733.99999999404,1" />
    </Entity>
    <Entity ID="47739" Type="simple" Visible="true">
      <StretchedBody L="10" Normal="0,0,1" Array="-1389.94949366713,-400.00000000596,368.33445213816;-1389.94949366713,-450.00000000596,368.33445213816;-1259.94949366713,-450.00000000596,368.33445213816;-1259.94949366713,-240.00000000596,368.33445213816;-1309.94949366713,-240.00000000596,368.33445213816" />
      <Color R="231" G="235" B="218" A="0" />
      <TransformMatrix Value="0.923879532511287,0.382683432365089,-2.2628522245754E-16,0,-2.68361961856102E-16,5.65713056143851E-17,-1,0,0.382683432365089,-0.923879532511287,-1.54962748063893E-16,0,827.157937805278,746.71433515084,2733.99999999404,1" />
    </Entity>
    <Entity ID="47740" Type="simple" Visible="true">
      <StretchedBody L="10" Normal="0,0,1" Array="-1389.94949366713,-400.00000000596,368.33445213816;-1389.94949366713,-450.00000000596,368.33445213816;-1259.94949366713,-450.00000000596,368.33445213816;-1259.94949366713,-240.00000000596,368.33445213816;-1309.94949366713,-240.00000000596,368.33445213816" />
      <Color R="231" G="235" B="218" A="0" />
      <TransformMatrix Value="-0.923879532511287,0.382683432365089,2.2628522245754E-16,0,-2.21496757802839E-16,5.65713056143851E-17,-1,0,-0.382683432365089,-0.923879532511287,3.24980681491581E-17,0,-827.157937805278,746.71433515084,2733.99999999404,1" />
    </Entity>
    <Entity ID="47741" Type="simple" Visible="true">
      <StretchedBody L="10" Normal="0,0,1" Array="-1389.94949366713,-400.00000000596,368.33445213816;-1389.94949366713,-450.00000000596,368.33445213816;-1259.94949366713,-450.00000000596,368.33445213816;-1259.94949366713,-240.00000000596,368.33445213816;-1309.94949366713,-240.00000000596,368.33445213816" />
      <Color R="231" G="235" B="218" A="0" />
      <TransformMatrix Value="0.38268343236509,-0.923879532511286,-9.3730408106526E-17,0,-3.01500665443856E-16,-2.34326020266315E-17,-1,0,0.923879532511286,0.38268343236509,-2.87517562414908E-16,0,56.8822169347623,-1112.89575694147,2733.99999999404,1" />
    </Entity>
    <Entity ID="47742" Type="simple" Visible="true">
      <StretchedBody L="10" Normal="0,0,1" Array="-1389.94949366713,-400.00000000596,368.33445213816;-1389.94949366713,-450.00000000596,368.33445213816;-1259.94949366713,-450.00000000596,368.33445213816;-1259.94949366713,-240.00000000596,368.33445213816;-1309.94949366713,-240.00000000596,368.33445213816" />
      <Color R="231" G="235" B="218" A="0" />
      <TransformMatrix Value="-0.38268343236509,0.923879532511286,9.3730408106526E-17,0,-1.88358054215086E-16,2.34326020266315E-17,-1,0,-0.923879532511286,-0.38268343236509,1.65052882500172E-16,0,-56.8822169347613,1112.89575692657,2733.99999999404,1" />
    </Entity>
    <Entity ID="47743" Type="simple" Visible="true">
      <StretchedBody L="10" Normal="0,0,1" Array="-1389.94949366713,-400.00000000596,368.33445213816;-1389.94949366713,-450.00000000596,368.33445213816;-1259.94949366713,-450.00000000596,368.33445213816;-1259.94949366713,-240.00000000596,368.33445213816;-1309.94949366713,-240.00000000596,368.33445213816" />
      <Color R="231" G="235" B="218" A="0" />
      <TransformMatrix Value="-0.923879532511287,-0.382683432365089,2.2628522245754E-16,0,-2.21496757802839E-16,-5.65713056143851E-17,-1,0,-0.382683432365089,0.923879532511287,3.24980681491581E-17,0,-827.157937805278,-746.714335165739,2733.99999999404,1" />
    </Entity>
    <Entity ID="47744" Type="simple" Visible="true">
      <Cuboid L="53" W="120" H="100" />
      <Color R="138" G="149" B="151" A="0" />
      <TransformMatrix Value="1,0,0,0,0,0,1,0,0,-1,0,0,236.5,49.9999999925494,400,1" />
    </Entity>
    <Entity ID="47745" Type="simple" Visible="true">
      <Cuboid L="53" W="120" H="100" />
      <Color R="138" G="149" B="151" A="0" />
      <TransformMatrix Value="-1,0,-1.22464679914735E-16,0,-1.22464679914735E-16,0,1,0,0,-1,0,0,-236.5,49.9999999925494,400,1" />
    </Entity>
    <Entity ID="47746" Type="simple" Visible="true">
      <Cuboid L="53" W="120" H="100" />
      <Color R="138" G="149" B="151" A="0" />
      <TransformMatrix Value="1,0,0,0,0,0,1,0,0,-1,0,0,236.5,49.9999999925494,2990,1" />
    </Entity>
    <Entity ID="47747" Type="simple" Visible="true">
      <Cuboid L="53" W="120" H="100" />
      <Color R="138" G="149" B="151" A="0" />
      <TransformMatrix Value="-1,0,-1.22464679914735E-16,0,-1.22464679914735E-16,0,1,0,0,-1,0,0,-236.5,49.9999999925494,2990,1" />
    </Entity>
    <Entity ID="47748" Type="simple" Visible="true">
      <Cylinder R="21" H="180" />
      <Color R="138" G="149" B="151" A="0" />
      <TransformMatrix Value="1,0,0,0,0,1,0,0,0,0,1,0,250,-250.00000000745,3120,1" />
    </Entity>
    <Entity ID="47749" Type="simple" Visible="true">
      <Cylinder R="37" H="20" />
      <Color R="138" G="149" B="151" A="0" />
      <TransformMatrix Value="1,0,0,0,0,1,0,0,0,0,1,0,250,-250.00000000745,3220,1" />
    </Entity>
    <Entity ID="47750" Type="simple" Visible="true">
      <Cylinder R="37" H="20" />
      <Color R="138" G="149" B="151" A="0" />
      <TransformMatrix Value="1,0,0,0,0,1,0,0,0,0,1,0,250,-250.00000000745,3200,1" />
    </Entity>
    <Entity ID="47751" Type="simple" Visible="true">
      <Cylinder R="37" H="20" />
      <Color R="138" G="149" B="151" A="0" />
      <TransformMatrix Value="1,0,0,0,0,1,0,0,0,0,1,0,250,-250.00000000745,3164,1" />
    </Entity>
    <Entity ID="47752" Type="simple" Visible="true">
      <Cylinder R="37" H="20" />
      <Color R="138" G="149" B="151" A="0" />
      <TransformMatrix Value="1,0,0,0,0,1,0,0,0,0,1,0,250,-250.00000000745,3144,1" />
    </Entity>
    <Entity ID="47753" Type="simple" Visible="true">
      <Cylinder R="21" H="180" />
      <Color R="138" G="149" B="151" A="0" />
      <TransformMatrix Value="1,0,0,0,0,1,0,0,0,0,1,0,250,249.99999999255,3120,1" />
    </Entity>
    <Entity ID="47754" Type="simple" Visible="true">
      <Cylinder R="37" H="20" />
      <Color R="138" G="149" B="151" A="0" />
      <TransformMatrix Value="1,0,0,0,0,1,0,0,0,0,1,0,250,249.99999999255,3164,1" />
    </Entity>
    <Entity ID="47755" Type="simple" Visible="true">
      <Cylinder R="37" H="20" />
      <Color R="138" G="149" B="151" A="0" />
      <TransformMatrix Value="1,0,0,0,0,1,0,0,0,0,1,0,250,249.99999999255,3144,1" />
    </Entity>
    <Entity ID="47756" Type="simple" Visible="true">
      <Cylinder R="37" H="20" />
      <Color R="138" G="149" B="151" A="0" />
      <TransformMatrix Value="1,0,0,0,0,1,0,0,0,0,1,0,250,249.99999999255,3220,1" />
    </Entity>
    <Entity ID="47757" Type="simple" Visible="true">
      <Cylinder R="37" H="20" />
      <Color R="138" G="149" B="151" A="0" />
      <TransformMatrix Value="1,0,0,0,0,1,0,0,0,0,1,0,250,249.99999999255,3200,1" />
    </Entity>
    <Entity ID="47758" Type="simple" Visible="true">
      <Cylinder R="21" H="180" />
      <Color R="138" G="149" B="151" A="0" />
      <TransformMatrix Value="1,0,0,0,0,1,0,0,0,0,1,0,-250,249.99999999255,3120,1" />
    </Entity>
    <Entity ID="47759" Type="simple" Visible="true">
      <Cylinder R="37" H="20" />
      <Color R="138" G="149" B="151" A="0" />
      <TransformMatrix Value="1,0,0,0,0,1,0,0,0,0,1,0,-250,249.99999999255,3164,1" />
    </Entity>
    <Entity ID="47760" Type="simple" Visible="true">
      <Cylinder R="37" H="20" />
      <Color R="138" G="149" B="151" A="0" />
      <TransformMatrix Value="1,0,0,0,0,1,0,0,0,0,1,0,-250,249.99999999255,3144,1" />
    </Entity>
    <Entity ID="47761" Type="simple" Visible="true">
      <Cylinder R="37" H="20" />
      <Color R="138" G="149" B="151" A="0" />
      <TransformMatrix Value="1,0,0,0,0,1,0,0,0,0,1,0,-250,249.99999999255,3220,1" />
    </Entity>
    <Entity ID="47762" Type="simple" Visible="true">
      <Cylinder R="37" H="20" />
      <Color R="138" G="149" B="151" A="0" />
      <TransformMatrix Value="1,0,0,0,0,1,0,0,0,0,1,0,-250,249.99999999255,3200,1" />
    </Entity>
    <Entity ID="47763" Type="simple" Visible="true">
      <Cylinder R="21" H="180" />
      <Color R="138" G="149" B="151" A="0" />
      <TransformMatrix Value="1,0,0,0,0,1,0,0,0,0,1,0,-250,-250.00000000745,3120,1" />
    </Entity>
    <Entity ID="47764" Type="simple" Visible="true">
      <Cylinder R="37" H="20" />
      <Color R="138" G="149" B="151" A="0" />
      <TransformMatrix Value="1,0,0,0,0,1,0,0,0,0,1,0,-250,-250.00000000745,3164,1" />
    </Entity>
    <Entity ID="47765" Type="simple" Visible="true">
      <Cylinder R="37" H="20" />
      <Color R="138" G="149" B="151" A="0" />
      <TransformMatrix Value="1,0,0,0,0,1,0,0,0,0,1,0,-250,-250.00000000745,3144,1" />
    </Entity>
    <Entity ID="47766" Type="simple" Visible="true">
      <Cylinder R="37" H="20" />
      <Color R="138" G="149" B="151" A="0" />
      <TransformMatrix Value="1,0,0,0,0,1,0,0,0,0,1,0,-250,-250.00000000745,3220,1" />
    </Entity>
    <Entity ID="47767" Type="simple" Visible="true">
      <Cylinder R="37" H="20" />
      <Color R="138" G="149" B="151" A="0" />
      <TransformMatrix Value="1,0,0,0,0,1,0,0,0,0,1,0,-250,-250.00000000745,3200,1" />
    </Entity>
    <Entity ID="47768" Type="simple" Visible="true">
      <Cuboid L="1185" W="8" H="200" />
      <Color R="138" G="149" B="151" A="0" />
      <TransformMatrix Value="1,0,0,0,0,1,0,0,0,0,1,0,-77.5,-303.500000007451,3314,1" />
    </Entity>
    <Entity ID="47769" Type="simple" Visible="true">
      <Cuboid L="1185" W="66" H="10" />
      <Color R="138" G="149" B="151" A="0" />
      <TransformMatrix Value="1,0,0,0,0,1,0,0,0,0,1,0,-77.5,-266.500000007451,3314,1" />
    </Entity>
    <Entity ID="47770" Type="simple" Visible="true">
      <Cuboid L="1185" W="66" H="10" />
      <Color R="138" G="149" B="151" A="0" />
      <TransformMatrix Value="1,0,0,0,0,1,0,0,0,0,1,0,-77.5,-266.500000007451,3504,1" />
    </Entity>
    <Entity ID="47771" Type="simple" Visible="true">
      <Cuboid L="120" W="580" H="14" />
      <Color R="138" G="149" B="151" A="0" />
      <TransformMatrix Value="1,0,0,0,0,1,0,0,0,0,1,0,-250,-7.45064099305637E-09,3300,1" />
    </Entity>
    <Entity ID="47772" Type="simple" Visible="true">
      <Cuboid L="120" W="580" H="14" />
      <Color R="138" G="149" B="151" A="0" />
      <TransformMatrix Value="1,0,0,0,0,1,0,0,0,0,1,0,250,-7.45064099305637E-09,3300,1" />
    </Entity>
    <Entity ID="47773" Type="simple" Visible="true">
      <Cuboid L="1185" W="8" H="200" />
      <Color R="138" G="149" B="151" A="0" />
      <TransformMatrix Value="1,0,0,0,0,-1,0,0,0,0,1,0,-77.5,303.49999999553,3314,1" />
    </Entity>
    <Entity ID="47774" Type="simple" Visible="true">
      <Cuboid L="1185" W="66" H="10" />
      <Color R="138" G="149" B="151" A="0" />
      <TransformMatrix Value="1,0,0,0,0,-1,0,0,0,0,1,0,-77.5,266.49999999553,3314,1" />
    </Entity>
    <Entity ID="47775" Type="simple" Visible="true">
      <Cuboid L="1185" W="66" H="10" />
      <Color R="138" G="149" B="151" A="0" />
      <TransformMatrix Value="1,0,0,0,0,-1,0,0,0,0,1,0,-77.5,266.49999999553,3504,1" />
    </Entity>
    <Entity ID="47776" Type="simple" Visible="true">
      <Cuboid L="120" W="580" H="14" />
      <Color R="138" G="149" B="151" A="0" />
      <TransformMatrix Value="1,0,0,0,0,1,0,0,0,0,1,0,-100,-7.45058414963751E-09,3514,1" />
    </Entity>
    <Entity ID="47777" Type="simple" Visible="true">
      <Cuboid L="120" W="580" H="14" />
      <Color R="138" G="149" B="151" A="0" />
      <TransformMatrix Value="1,0,0,0,0,1,0,0,0,0,1,0,-600,-7.45058414963751E-09,3514,1" />
    </Entity>
    <Entity ID="47778" Type="simple" Visible="true">
      <Cuboid L="410" W="580" H="14" />
      <Color R="138" G="149" B="151" A="0" />
      <TransformMatrix Value="1,0,0,0,0,1,0,0,0,0,1,0,300,-7.45058414963751E-09,3514,1" />
    </Entity>
    <Entity ID="47779" Type="simple" Visible="true">
      <Cylinder R="223" H="16" />
      <Color R="138" G="149" B="151" A="0" />
      <TransformMatrix Value="1,0,0,0,0,1,0,0,0,0,1,0,300,-7.45058059692383E-09,3528,1" />
    </Entity>
    <Entity ID="47780" Type="simple" Visible="true">
      <Cuboid L="80" W="110" H="10" />
      <Color R="138" G="149" B="151" A="0" />
      <TransformMatrix Value="1,0,0,0,0,1,0,0,0,0,1,0,-600,249.999999992549,3528,1" />
    </Entity>
    <Entity ID="47781" Type="simple" Visible="true">
      <Cuboid L="580" W="100" H="5.3" />
      <Color R="138" G="149" B="151" A="0" />
      <TransformMatrix Value="1,0,0,0,0,1,0,0,0,0,1,0,-350,249.999999992549,3538,1" />
    </Entity>
    <Entity ID="47782" Type="simple" Visible="true">
      <Cuboid L="80" W="110" H="10" />
      <Color R="138" G="149" B="151" A="0" />
      <TransformMatrix Value="1,0,0,0,0,1,0,0,0,0,1,0,-100,249.999999992549,3528,1" />
    </Entity>
    <Entity ID="47783" Type="simple" Visible="true">
      <Cuboid L="580" W="8" H="42.7" />
      <Color R="138" G="149" B="151" A="0" />
      <TransformMatrix Value="1,0,0,0,0,1,0,0,0,0,1,0,-350,295.999999992549,3543.3,1" />
    </Entity>
    <Entity ID="47784" Type="simple" Visible="true">
      <Cuboid L="580" W="8" H="42.7" />
      <Color R="138" G="149" B="151" A="0" />
      <TransformMatrix Value="1,0,0,0,0,1,0,0,0,0,1,0,-350,203.999999992549,3543.3,1" />
    </Entity>
    <Entity ID="47785" Type="simple" Visible="true">
      <Cuboid L="580" W="100" H="5.3" />
      <Color R="138" G="149" B="151" A="0" />
      <TransformMatrix Value="1,0,0,0,0,1,0,0,0,0,1,0,-350,-250.000000007451,3538,1" />
    </Entity>
    <Entity ID="47786" Type="simple" Visible="true">
      <Cuboid L="580" W="8" H="42.7" />
      <Color R="138" G="149" B="151" A="0" />
      <TransformMatrix Value="1,0,0,0,0,1,0,0,0,0,1,0,-350,-204.000000007451,3543.3,1" />
    </Entity>
    <Entity ID="47787" Type="simple" Visible="true">
      <Cuboid L="580" W="8" H="42.7" />
      <Color R="138" G="149" B="151" A="0" />
      <TransformMatrix Value="1,0,0,0,0,1,0,0,0,0,1,0,-350,-296.000000007451,3543.3,1" />
    </Entity>
    <Entity ID="47788" Type="simple" Visible="true">
      <Cuboid L="80" W="110" H="10" />
      <Color R="138" G="149" B="151" A="0" />
      <TransformMatrix Value="1,0,0,0,0,1,0,0,0,0,1,0,-600,-250.000000007451,3528,1" />
    </Entity>
    <Entity ID="47789" Type="simple" Visible="true">
      <Cuboid L="1037.5" W="66" H="10" />
      <Color R="138" G="149" B="151" A="0" />
      <TransformMatrix Value="6.12323399573677E-17,1,0,0,-1,6.12323399573677E-17,0,0,0,0,1,0,-186,193.749999992549,3776,1" />
    </Entity>
    <Entity ID="47790" Type="simple" Visible="true">
      <Cuboid L="1037.5" W="8" H="200" />
      <Color R="138" G="149" B="151" A="0" />
      <TransformMatrix Value="6.12323399573677E-17,1,0,0,-1,6.12323399573677E-17,0,0,0,0,1,0,-149,193.749999992549,3586,1" />
    </Entity>
    <Entity ID="47791" Type="simple" Visible="true">
      <Cuboid L="1037.5" W="66" H="10" />
      <Color R="138" G="149" B="151" A="0" />
      <TransformMatrix Value="6.12323399573677E-17,1,0,0,-1,6.12323399573677E-17,0,0,0,0,1,0,-186,193.749999992549,3586,1" />
    </Entity>
    <Entity ID="47792" Type="simple" Visible="true">
      <Cuboid L="1037.5" W="66" H="10" />
      <Color R="138" G="149" B="151" A="0" />
      <TransformMatrix Value="-6.12323399573677E-17,1,7.49879891330929E-33,0,1,6.12323399573677E-17,-1.22464679914735E-16,0,1.22464679914735E-16,0,1,0,-514,193.749999992549,3776,1" />
    </Entity>
    <Entity ID="47793" Type="simple" Visible="true">
      <Cuboid L="1037.5" W="8" H="200" />
      <Color R="138" G="149" B="151" A="0" />
      <TransformMatrix Value="-6.12323399573677E-17,1,7.49879891330929E-33,0,1,6.12323399573677E-17,-1.22464679914735E-16,0,1.22464679914735E-16,0,1,0,-551,193.749999992549,3586,1" />
    </Entity>
    <Entity ID="47794" Type="simple" Visible="true">
      <Cuboid L="1037.5" W="66" H="10" />
      <Color R="138" G="149" B="151" A="0" />
      <TransformMatrix Value="-6.12323399573677E-17,1,7.49879891330929E-33,0,1,6.12323399573677E-17,-1.22464679914735E-16,0,1.22464679914735E-16,0,1,0,-514,193.749999992549,3586,1" />
    </Entity>
    <Entity ID="47795" Type="simple" Visible="true">
      <Cuboid L="385" W="385" H="18" />
      <Color R="138" G="149" B="151" A="0" />
      <TransformMatrix Value="-6.12323399573677E-17,1,7.49879891330929E-33,0,1,6.12323399573677E-17,-1.22464679914735E-16,0,1.22464679914735E-16,0,1,0,-350,-7.4505521752144E-09,3786,1" />
    </Entity>
    <Entity ID="47796" Type="simple" Visible="true">
      <Cylinder R="140" H="22" />
      <Color R="138" G="149" B="151" A="0" />
      <TransformMatrix Value="1,0,0,0,0,1,0,0,0,0,1,0,-350,-7.45058059692383E-09,3804,1" />
    </Entity>
    <Entity ID="47797" Type="simple" Visible="true">
      <Cylinder R="83" H="100" />
      <Color R="138" G="149" B="151" A="0" />
      <TransformMatrix Value="1,0,0,0,0,1,0,0,0,0,1,0,-350,-7.45058059692383E-09,3826,1" />
    </Entity>
    <Entity ID="47798" Type="simple" Visible="true">
      <PorcelainBushing R1="131.8" R2="113.7" R="70" H="425" N="5" />
      <Color R="91" G="58" B="41" A="0" />
      <TransformMatrix Value="1,0,0,0,0,1,0,0,0,0,1,0,-350,-7.45058059692383E-09,3926,1" />
    </Entity>
    <Entity ID="47799" Type="simple" Visible="true">
      <Cylinder R="100" H="90" />
      <Color R="138" G="149" B="151" A="0" />
      <TransformMatrix Value="1,0,0,0,0,1,0,0,0,0,1,0,-350,-7.45058059692383E-09,4351,1" />
    </Entity>
    <Entity ID="47800" Type="simple" Visible="true">
      <Cylinder R="80" H="30" />
      <Color R="138" G="149" B="151" A="0" />
      <TransformMatrix Value="1,0,0,0,0,1,0,0,0,0,1,0,-350,-7.45058059692383E-09,4441,1" />
    </Entity>
    <Entity ID="47801" Type="simple" Visible="true">
      <Cylinder R="100" H="5" />
      <Color R="138" G="149" B="151" A="0" />
      <TransformMatrix Value="1,0,0,0,0,1,0,0,0,0,1,0,-350,-7.45058059692383E-09,4471,1" />
    </Entity>
    <Entity ID="47802" Type="simple" Visible="true">
      <Cuboid L="160" W="385" H="18" />
      <Color R="138" G="149" B="151" A="0" />
      <TransformMatrix Value="-6.12323399573677E-17,1,7.49879891330929E-33,0,1,6.12323399573677E-17,-1.22464679914735E-16,0,1.22464679914735E-16,0,1,0,-350,599.999999992549,3786,1" />
    </Entity>
    <Entity ID="47803" Type="simple" Visible="true">
      <Cylinder R="84" H="62.5" />
      <Color R="138" G="149" B="151" A="0" />
      <TransformMatrix Value="1,0,0,0,0,1,0,0,0,0,1,0,-350,599.999999992549,4373,1" />
    </Entity>
    <Entity ID="47804" Type="simple" Visible="true">
      <Cylinder R="80" H="16" />
      <Color R="138" G="149" B="151" A="0" />
      <TransformMatrix Value="1,0,0,0,0,1,0,0,0,0,1,0,-350,599.999999992549,4435.5,1" />
    </Entity>
    <Entity ID="47805" Type="simple" Visible="true">
      <Cylinder R="41.5" H="25" />
      <Color R="138" G="149" B="151" A="0" />
      <TransformMatrix Value="1,0,0,0,0,1,0,0,0,0,1,0,-350,599.999999992549,4451.5,1" />
    </Entity>
    <Entity ID="47806" Type="simple" Visible="true">
      <Cylinder R="28" H="39.5" />
      <Color R="138" G="149" B="151" A="0" />
      <TransformMatrix Value="1,0,0,0,0,1,0,0,0,0,1,0,-350,599.999999992549,4476.5,1" />
    </Entity>
    <Entity ID="47807" Type="simple" Visible="true">
      <Cuboid L="205" W="150" H="65" />
      <Color R="138" G="149" B="151" A="0" />
      <TransformMatrix Value="-6.12323399573677E-17,1,7.49879891330929E-33,0,1,6.12323399573677E-17,-1.22464679914735E-16,0,1.22464679914735E-16,0,1,0,-350,639.999999992549,4516,1" />
    </Entity>
    <Entity ID="47808" Type="simple" Visible="true">
      <PorcelainBushing R1="105" R2="105" R="65" H="569" N="5" />
      <Color R="91" G="58" B="41" A="0" />
      <TransformMatrix Value="1,0,0,0,0,1,0,0,0,0,1,0,-350,599.999999992549,3804,1" />
    </Entity>
    <Entity ID="47809" Type="simple" Visible="true">
      <StretchedBody L="120" Normal="0,0,1" Array="949.085324827086,1.50040037484359,3804;949.085324827086,-103.500095535801,3804;1621.5853391322,-102.160183121252,3804;1621.5853391322,26.500018905117,3804;1377.58526188458,26.500018905117,3804;1377.58526188458,146.214297731196,3804;1233.50691651126,283.432268032468,3804;1185.35496494814,259.943154544168,3804;1143.96694552797,1.50040037484359,3804" />
      <Color R="138" G="149" B="151" A="0" />
      <TransformMatrix Value="6.12323399573699E-17,-1,-2.6588927020966E-16,0,-2.67947244528067E-15,-2.6588927020966E-16,1,0,-1,-6.12323399573692E-17,-2.67947244528067E-15,0,3734,1346.58532481963,4578.16018312126,1" />
    </Entity>
    <Entity ID="47810" Type="simple" Visible="true">
      <StretchedBody L="155" Normal="0,0,1" Array="1254.08533197964,581.500324080898,3804;1254.08533197964,501.933368514492,3804;1145.932615932,387.631044000536,3804;1186.14867778479,170.212471714613,3804;1295.02611310851,190.000636903639,3804;1291.59572702969,330.646785567715,3804;1345.31316143597,361.068042586756,3804;1402.88373810376,324.604305098965,3804;1431.37940746869,350.631030868006,3804;1402.7107838646,406.500133346034,3804;1456.58525806988,406.500133346034,3804;1456.58525806988,581.500324080898,3804" />
      <Color R="138" G="149" B="151" A="0" />
      <TransformMatrix Value="6.12323399573699E-17,2.04656930252292E-16,-1,0,-2.67947244528067E-15,-1,-2.04656930252292E-16,0,-1,2.67947244528067E-15,-6.12323399573694E-17,0,3531.5,346.500070066349,6031.24555596143,1" />
    </Entity>
    <Entity ID="47811" Type="simple" Visible="true">
      <Cylinder R="46" H="320" />
      <Color R="138" G="149" B="151" A="0" />
      <TransformMatrix Value="6.12323399573699E-17,-1,-2.6588927020966E-16,0,-2.67947244528067E-15,-2.6588927020966E-16,1,0,-1,-6.12323399573692E-17,-2.67947244528067E-15,0,-190.000000000001,120.000011022905,4804.6602421647,1" />
    </Entity>
    <Entity ID="47812" Type="simple" Visible="true">
      <StretchedBody L="120" Normal="0,0,1" Array="949.085324827086,1.50040037484359,3804;949.085324827086,-103.500095535801,3804;1621.5853391322,-102.160183121252,3804;1621.5853391322,26.500018905117,3804;1377.58526188458,26.500018905117,3804;1377.58526188458,146.214297731196,3804;1233.50691651126,283.432268032468,3804;1185.35496494814,259.943154544168,3804;1143.96694552797,1.50040037484359,3804" />
      <Color R="138" G="149" B="151" A="0" />
      <TransformMatrix Value="6.12323399573699E-17,-1,-2.6588927020966E-16,0,-2.67947244528067E-15,-2.6588927020966E-16,1,0,-1,-6.12323399573692E-17,-2.67947244528067E-15,0,3294,1346.58532481963,4578.16018312126,1" />
    </Entity>
    <Entity ID="47813" Type="simple" Visible="true">
      <Cuboid L="140" W="560" H="205" />
      <Color R="138" G="149" B="151" A="0" />
      <TransformMatrix Value="-6.12323399573677E-17,1,7.49879891330929E-33,0,1,6.12323399573677E-17,-1.22464679914735E-16,0,1.22464679914735E-16,0,1,0,-350,467.499999992549,4476,1" />
    </Entity>
    <Entity ID="47814" Type="simple" Visible="true">
      <Cylinder R="75.5" H="2100" />
      <Color R="138" G="149" B="151" A="0" />
      <TransformMatrix Value="1,0,0,0,0,6.12323399573677E-17,1,0,0,-1,6.12323399573677E-17,0,-350.000000000002,-235.000254014541,4675.91026093667,1" />
    </Entity>
    <Entity ID="47815" Type="simple" Visible="true">
      <Cuboid L="142" W="120" H="280" />
      <Color R="138" G="149" B="151" A="0" />
      <TransformMatrix Value="6.12323399573677E-17,-6.12323399573677E-17,-1,0,1,3.74939945665465E-33,6.12323399573677E-17,0,0,-1,6.12323399573677E-17,0,-209.999999999997,-2365.00025401454,4675.91026093667,1" />
    </Entity>
    <Entity ID="47816" Type="simple" Visible="true">
      <Cylinder R="94" H="120" />
      <Color R="138" G="149" B="151" A="0" />
      <TransformMatrix Value="6.12323399573677E-17,-6.12323399573677E-17,-1,0,0,-1,6.12323399573677E-17,0,-1,-3.74939945665465E-33,-6.12323399573677E-17,0,-149.999999999997,-2529.00018734135,4755.91026093667,1" />
    </Entity>
    <Entity ID="47817" Type="simple" Visible="true">
      <Cuboid L="142" W="120" H="280" />
      <Color R="138" G="149" B="151" A="0" />
      <TransformMatrix Value="6.12323399573677E-17,-6.12323399573677E-17,-1,0,1,3.74939945665465E-33,6.12323399573677E-17,0,0,-1,6.12323399573677E-17,0,-489.999999999997,-2365.00025401454,4675.91026093667,1" />
    </Entity>
    <Entity ID="47818" Type="simple" Visible="true">
      <Cylinder R="94" H="120" />
      <Color R="138" G="149" B="151" A="0" />
      <TransformMatrix Value="6.12323399573677E-17,-6.12323399573677E-17,-1,0,0,-1,6.12323399573677E-17,0,-1,-3.74939945665465E-33,-6.12323399573677E-17,0,-429.999999999997,-2529.00018734135,4755.91026093667,1" />
    </Entity>
    <Entity ID="47819" Type="simple" Visible="true">
      <Cylinder R="50" H="160" />
      <Color R="138" G="149" B="151" A="0" />
      <TransformMatrix Value="6.12323399573677E-17,-6.12323399573677E-17,-1,0,0,-1,6.12323399573677E-17,0,-1,-3.74939945665465E-33,-6.12323399573677E-17,0,-269.999999999997,-2529.00018734135,4755.91026093667,1" />
    </Entity>
    <Entity ID="47820" Type="simple" Visible="true">
      <Ring R="97.5" DR="67.5" Rad="0.785398163397448" />
      <Color R="138" G="149" B="151" A="0" />
      <TransformMatrix Value="-4.10516416334764E-15,-0.0871557427476584,0.996194698091746,0,4.90209316574925E-15,-0.996194698091746,-0.0871557427476584,0,-1,-4.52565058951355E-15,-4.51678834520225E-15,0,-349.999999999998,-2362.66472816488,4797.94937528363,1" />
    </Entity>
    <Entity ID="47821" Type="simple" Visible="true">
      <Cylinder R="67.5" H="106" />
      <Color R="138" G="149" B="151" A="0" />
      <TransformMatrix Value="-1.54460404529437E-16,-0.766043489332093,0.642788746363773,0,1,3.72071808422284E-15,4.67446308851225E-15,0,-5.97247772800861E-15,0.642788746363773,0.766043489332093,0,-349.999999999997,-2505.48966848354,4779.42055735887,1" />
    </Entity>
    <Entity ID="47822" Type="simple" Visible="true">
      <Cylinder R="67.5" H="2078" />
      <Color R="138" G="149" B="151" A="0" />
      <TransformMatrix Value="-4.10516416334764E-15,-0.0871557427476581,0.996194698091746,0,1,4.52565058951355E-15,4.51678834520225E-15,0,-4.90209316574924E-15,0.996194698091746,0.0871557427476581,0,-349.999999999998,-2371.16241308278,4895.07835834757,1" />
    </Entity>
    <Entity ID="47823" Type="simple" Visible="true">
      <Cuboid L="142" W="400" H="30" />
      <Color R="138" G="149" B="151" A="0" />
      <TransformMatrix Value="6.12323399573677E-17,-6.12323399573677E-17,-1,0,1,3.74939945665465E-33,6.12323399573677E-17,0,0,-1,6.12323399573677E-17,0,-350.000000000007,-2335.00025401454,4675.91026093667,1" />
    </Entity>
    <Entity ID="47824" Type="simple" Visible="true">
      <StretchedBody L="150" Normal="0,0,1" Array="19421.4744679859,10208.6500417933,5159.66050720215;19401.4744274548,10208.6500417933,5159.66050720215;19401.4744274548,10338.6501562342,5159.66050720215;20233.4744464651,10338.6501562342,5159.66050720215;20233.4744464651,10208.6500417933,5159.66050720215;20213.4744040897,10208.6500417933,5159.66050720215;20213.4744040897,10318.6500590436,5159.66050720215;19421.4744679859,10318.6500590436,5159.66050720215" />
      <Color R="138" G="149" B="151" A="0" />
      <TransformMatrix Value="6.12323399573677E-17,-1,0,0,6.12323399573677E-17,3.74939945665465E-33,1,0,-1,-6.12323399573677E-17,6.12323399573677E-17,0,4884.6605072022,19817.4744369525,-46.6501562342055,1" />
    </Entity>
    <Entity ID="47825" Type="simple" Visible="true">
      <StretchedBody L="150" Normal="0,0,1" Array="19381.4744465283,9908.64985105844,5159.66050720215;19381.4744465283,10448.6498129115,5159.66050720215;20253.4744851521,10448.6498129115,5159.66050720215;20253.4744851521,9908.64985105844,5159.66050720215;20233.4745042256,9908.64985105844,5159.66050720215;20233.4745042256,10428.6503088221,5159.66050720215;19401.4744274548,10428.6503088221,5159.66050720215;19401.4744274548,9908.64985105844,5159.66050720215" />
      <Color R="138" G="149" B="151" A="0" />
      <TransformMatrix Value="6.12323399573677E-17,-1,0,0,6.12323399573677E-17,3.74939945665465E-33,1,0,-1,-6.12323399573677E-17,6.12323399573677E-17,0,4884.6605072022,19817.4744369525,-46.6501562342055,1" />
    </Entity>
    <Entity ID="47826" Type="simple" Visible="true">
      <Cylinder R="91" H="20" />
      <Color R="138" G="149" B="151" A="0" />
      <TransformMatrix Value="1,4.52031383944438E-15,4.57778767761954E-15,0,4.16639650330501E-15,0.0871557427476581,-0.996194698091746,0,-4.90209316574924E-15,0.996194698091746,0.0871557427476581,0,-350.000000000013,-301.069830448129,5076.18799177721,1" />
    </Entity>
    <Entity ID="47827" Type="simple" Visible="true">
      <Cylinder R="89" H="45" />
      <Color R="138" G="149" B="151" A="0" />
      <TransformMatrix Value="1,4.52031383944438E-15,4.57778767761954E-15,0,4.16639650330501E-15,0.0871557427476581,-0.996194698091746,0,-4.90209316574924E-15,0.996194698091746,0.0871557427476581,0,-350.000000000013,-281.145936486295,5077.93110663216,1" />
    </Entity>
    <Entity ID="47828" Type="simple" Visible="true">
      <Cylinder R="197" H="144" />
      <Color R="138" G="149" B="151" A="0" />
      <TransformMatrix Value="1,0,0,0,0,1,0,0,0,0,1,0,300,-7.45058059692383E-09,3544,1" />
    </Entity>
    <Entity ID="47829" Type="simple" Visible="true">
      <Cylinder R="234" H="20" />
      <Color R="138" G="149" B="151" A="0" />
      <TransformMatrix Value="1,0,0,0,0,1,0,0,0,0,1,0,300,-7.45058059692383E-09,3688,1" />
    </Entity>
    <Entity ID="47830" Type="simple" Visible="true">
      <Cylinder R="187.5" H="23" />
      <Color R="138" G="149" B="151" A="0" />
      <TransformMatrix Value="1,0,0,0,0,1,0,0,0,0,1,0,300,-7.45058059692383E-09,3708,1" />
    </Entity>
    <Entity ID="47831" Type="simple" Visible="true">
      <Cylinder R="145" H="127" />
      <Color R="138" G="149" B="151" A="0" />
      <TransformMatrix Value="1,0,0,0,0,1,0,0,0,0,1,0,300,-7.45058059692383E-09,3731,1" />
    </Entity>
    <Entity ID="47832" Type="simple" Visible="true">
      <PorcelainBushing R1="165" R2="150" R="127" H="1900" N="15" />
      <Color R="91" G="58" B="41" A="0" />
      <TransformMatrix Value="1,0,0,0,0,1,0,0,0,0,1,0,300,-7.45058059692383E-09,3858,1" />
    </Entity>
    <Entity ID="47833" Type="simple" Visible="true">
      <Cylinder R="135" H="157" />
      <Color R="138" G="149" B="151" A="0" />
      <TransformMatrix Value="1,0,0,0,0,1,0,0,0,0,1,0,300,-7.45058059692383E-09,5758,1" />
    </Entity>
