<?xml version="1.0" encoding="utf-8"?>
<Device>
  <Entities>
    <Entity ID="2" Type="simple" Visible="true">
      <Cylinder R="40" H="220" />
      <Color R="138" G="149" B="151" A="0" />
      <TransformMatrix Value="-1.83697019872103E-16,-1,0,0,0,0,1,0,-1,1.83697019872103E-16,0,0,452.287438618001,0,-1.81898940354586E-12,1" />
    </Entity>
    <Entity ID="3" Type="simple" Visible="true">
      <Cylinder R="25" H="40" />
      <Color R="138" G="149" B="151" A="0" />
      <TransformMatrix Value="-1.83697019872103E-16,-1,0,0,0,0,1,0,-1,1.83697019872103E-16,0,0,232.050012536101,0,-1.81898940354586E-12,1" />
    </Entity>
    <Entity ID="4" Type="simple" Visible="true">
      <Cylinder R="16" H="32" />
      <Color R="138" G="149" B="151" A="0" />
      <TransformMatrix Value="-1.83697019872103E-16,-1,0,0,0,0,1,0,-1,1.83697019872103E-16,0,0,192.365874820101,0,-1.81898940354586E-12,1" />
    </Entity>
    <Entity ID="5" Type="simple" Visible="true">
      <Cylinder R="35" H="70" />
      <Color R="138" G="149" B="151" A="0" />
      <TransformMatrix Value="-1.83697019872103E-16,-1,0,0,0,0,1,0,-1,1.83697019872103E-16,0,0,160.244701541002,0,-1.81898940354586E-12,1" />
    </Entity>
    <Entity ID="6" Type="simple" Visible="true">
      <StretchedBody L="200" Normal="0,0,1" Array="10786.0332854306,127980.008565204,13481.7369821672;10822.7159406428,127980.006185143,13481.737437739;10822.7142880594,127955.139098303,13484.8894709534;10786.0316328472,127955.141478364,13484.8890153816" />
      <Color R="138" G="149" B="151" A="0" />
      <TransformMatrix Value="-1.83697019872103E-16,-1,0,0,0.993257883366988,-1.82458513138988E-16,-0.11592573971871,0,0.11592573971871,-2.12952129127961E-17,0.993257883366988,0,-128528.327388399,10804.40721499,1191.1162260576,1" />
    </Entity>
    <Entity ID="7" Type="simple" Visible="true">
      <StretchedBody L="170" Normal="0,0,1" Array="10786.0332854306,127980.008565204,13481.7369821672;10822.7159406428,127980.006185143,13481.737437739;10822.7142880594,127955.139098303,13484.8894709534;10786.0316328472,127955.141478364,13484.8890153816" />
      <Color R="138" G="149" B="151" A="0" />
      <TransformMatrix Value="-1.83697019872103E-16,-1,0,0,0.993257883366988,-1.82458513138988E-16,-0.11592573971871,0,0.11592573971871,-2.12952129127961E-17,0.993257883366988,0,-128491.770500429,10804.40721499,1276.927479834,1" />
    </Entity>
    <Entity ID="8" Type="simple" Visible="true">
      <Cylinder R="27" H="120" />
      <Color R="138" G="149" B="151" A="0" />
      <TransformMatrix Value="-0.188749421264379,-0.969867480715764,0.154047803692294,0,-0.756569092510146,0.24362479037333,0.606836196822442,0,-0.626080557301325,-0.00200782609014701,-0.779755797928849,0,141.547653319101,0,-248.205879777301,1" />
    </Entity>
    <Entity ID="9" Type="simple" Visible="true">
      <Cylinder R="18" H="170" />
      <Color R="138" G="149" B="151" A="0" />
      <TransformMatrix Value="-0.188749421264379,-0.969867480715764,0.154047803692294,0,-0.756569092510146,0.24362479037333,0.606836196822442,0,-0.626080557301325,-0.00200782609014701,-0.779755797928849,0,66.4179864430007,-0.240939130992047,-341.776575528702,1" />
    </Entity>
    <Entity ID="10" Type="simple" Visible="true">
      <Cylinder R="22" H="90" />
      <Color R="138" G="149" B="151" A="0" />
      <TransformMatrix Value="-1.83697019872103E-16,-1,0,0,0,0,1,0,-1,1.83697019872103E-16,0,0,90,0,-1.81898940354586E-12,1" />
    </Entity>
  </Entities>
</Device>