<?xml version="1.0" encoding="utf-8"?>
<Device>
  <Entities>
    <Entity ID="79" Type="simple" Visible="true">
      <Cuboid L="2" W="230" H="10" />
      <Color R="30" G="30" B="30" A="0" />
      <TransformMatrix Value="-2.5579323262434E-10,-1,-3.93119516196048E-10,0,0.887917284217387,-4.62870173493732E-11,-0.460003148237074,0,-0.460003148237074,4.66723305498583E-10,-0.887917284217387,0,27.1601385749027,141.000000020411,1089.69954129717,1" />
    </Entity>
    <Entity ID="80" Type="simple" Visible="true">
      <Cuboid L="2" W="230" H="10" />
      <Color R="30" G="30" B="30" A="0" />
      <TransformMatrix Value="-1.87592004556997E-10,1,1.32907253607421E-10,0,0.887917284217387,2.27703938310101E-10,-0.460003148237074,0,-0.460003148237074,3.17177349955714E-11,-0.887917284217387,0,27.1601385652864,-140.999999945905,1089.699541223,1" />
    </Entity>
    <Entity ID="81" Type="simple" Visible="true">
      <Cuboid L="284" W="2" H="10" />
      <Color R="30" G="30" B="30" A="0" />
      <TransformMatrix Value="-2.5579323262434E-10,-1,-3.93119516196048E-10,0,0.887917284217387,-4.62870173493732E-11,-0.460003148237074,0,-0.460003148237074,4.66723305498583E-10,-0.887917284217387,0,130.158543508053,1.50412189007051E-08,1036.33917604623,1" />
    </Entity>
    <Entity ID="82" Type="simple" Visible="true">
      <SquareGasket L1="280" W1="230" L2="260" W2="210" H="10" CT="1" Rad="0.5" CL="0.3" />
      <Color R="30" G="30" B="30" A="0" />
      <TransformMatrix Value="-2.5920377998532E-10,-1,-3.87125045500911E-10,0,-0.483658540999941,4.64199939466363E-10,-0.875256771306459,0,-0.875256771306459,3.96335288888748E-11,0.483658540999941,0,-39.131743530373,1.04012803331165E-08,1195.17451698314,1" />
    </Entity>
    <Entity ID="83" Type="simple" Visible="true">
      <Cuboid L="10" W="180" H="210" />
      <Color R="138" G="149" B="151" A="0" />
      <TransformMatrix Value="-2.5920377998532E-10,-1,-3.87125045500911E-10,0,0.875256771306459,-3.96335288888748E-11,-0.483658540999941,0,-0.483658540999941,4.64199939466363E-10,-0.875256771306459,0,90.4255127271948,134.999999958094,1243.54720933258,1" />
    </Entity>
    <Entity ID="84" Type="simple" Visible="true">
      <Cuboid L="10" W="180" H="210" />
      <Color R="138" G="149" B="151" A="0" />
      <TransformMatrix Value="2.59203839216408E-10,1,3.87125152688951E-10,0,0.875256771306459,-3.96335288888748E-11,-0.483658540999941,0,-0.483658540999941,4.64200061931043E-10,-0.875256771306459,0,90.4255126572107,-135.000000041906,1243.54720922806,1" />
    </Entity>
    <Entity ID="85" Type="simple" Visible="true">
      <Cuboid L="260" W="10" H="210" />
      <Color R="138" G="149" B="151" A="0" />
      <TransformMatrix Value="-2.5920377998532E-10,-1,-3.87125045500911E-10,0,0.875256771306459,-3.96335288888748E-11,-0.483658540999941,0,-0.483658540999941,4.64199939466363E-10,-0.875256771306459,0,164.822338253252,-4.52755931589041E-08,1202.43623329533,1" />
    </Entity>
    <Entity ID="86" Type="simple" Visible="true">
      <Cuboid L="260" W="180" H="10" />
      <Color R="138" G="149" B="151" A="0" />
      <TransformMatrix Value="-2.59203661523143E-10,-1,-3.87124831124831E-10,0,0.875256771306459,-3.96335288888748E-11,-0.483658540999941,0,0.483658540999941,-4.64199694537003E-10,0.875256771306459,0,-19.89534863085,5.59724155252491E-08,1064.57987271596,1" />
    </Entity>
    <Entity ID="87" Type="simple" Visible="true">
      <Cuboid L="260" W="180" H="10" />
      <Color R="138" G="149" B="151" A="0" />
      <TransformMatrix Value="-2.5920377998532E-10,-1,-3.87125045500911E-10,0,0.875256771306459,-3.96335288888748E-11,-0.483658540999941,0,-0.483658540999941,4.64199939466363E-10,-0.875256771306459,0,81.6729449791378,-4.1509950121462E-08,1248.38379469032,1" />
    </Entity>
    <Entity ID="88" Type="simple" Visible="true">
      <Cylinder R="15" H="985" />
      <Color R="30" G="30" B="30" A="0" />
      <TransformMatrix Value="1,0,0,0,0,1,0,0,0,0,1,0,2.8421709430404E-14,1.49009338201719E-09,23.0000000000007,1" />
    </Entity>
    <Entity ID="89" Type="simple" Visible="true">
      <Cuboid L="200" W="200" H="8" />
      <Color R="30" G="30" B="30" A="0" />
      <TransformMatrix Value="1,0,0,0,0,1,0,0,0,0,1,0,2.8421709430404E-14,-6.61744490042422E-24,6.82121026329696E-13,1" />
    </Entity>
    <Entity ID="90" Type="simple" Visible="true">
      <OffsetRectangularTable TL="174" TW="174" LL="200" LW="200" H="15" XOFF="0" YOFF="0" />
      <Color R="30" G="30" B="30" A="0" />
      <TransformMatrix Value="1,0,0,0,0,1,0,0,0,0,1,0,2.8421709430404E-14,1.49009338201719E-09,8.00000000000068,1" />
    </Entity>
    <Entity ID="91" Type="simple" Visible="true">
      <TruncatedCone BR="45" TR="50" H="19" />
      <Color R="30" G="30" B="30" A="0" />
      <TransformMatrix Value="1,0,0,0,0,1,0,0,0,0,1,0,2.8421709430404E-14,1.49009338201719E-09,1008,1" />
    </Entity>
  </Entities>
</Device>