<?xml version="1.0" encoding="utf-8"?>
<Device>
  <Entities>
    <Entity ID="2" Type="simple" Visible="true">
      <StretchedBody L="160" Normal="0,0,304.8" Array="-160.000000000001,-1366.01843753469,-80;-210.000000000001,-1366.01843753469,-80;-160.000000000001,-1256.01843753469,-80" />
      <Color R="187" G="187" B="187" A="0" />
      <TransformMatrix Value="1,0,0,0,0,1,0,0,0,0,1,0,0,0,0,1" />
    </Entity>
    <Entity ID="3" Type="simple" Visible="true">
      <Cylinder R="380" H="32" />
      <Color R="127" G="127" B="127" A="0" />
      <TransformMatrix Value="1.77635683940025E-15,-1,0,0,0,0,1,0,-1,-1.77635683940025E-15,0,0,780,-1836.01843753468,0,1" />
    </Entity>
    <Entity ID="4" Type="simple" Visible="true">
      <Cylinder R="283" H="196" />
      <Color R="127" G="127" B="127" A="0" />
      <TransformMatrix Value="1.77635683940025E-15,-1,0,0,0,0,1,0,-1,-1.77635683940025E-15,0,0,748,-1836.01843753468,1.29243565954607E-13,1" />
    </Entity>
    <Entity ID="5" Type="simple" Visible="true">
      <Cylinder R="380" H="32" />
      <Color R="127" G="127" B="127" A="0" />
      <TransformMatrix Value="1.77635683940025E-15,-1,0,0,0,0,1,0,-1,-1.77635683940025E-15,0,0,552.000000000001,-1836.01843753469,1.29243565954607E-13,1" />
    </Entity>
    <Entity ID="6" Type="simple" Visible="true">
      <Cylinder R="8" H="200" />
      <Color R="127" G="127" B="127" A="0" />
      <TransformMatrix Value="1.77635683940025E-15,-1,0,0,0,0,1,0,-1,-1.77635683940025E-15,0,0,749.543804825879,-1836.01843753468,343.314451395546,1" />
    </Entity>
    <Entity ID="7" Type="simple" Visible="true">
      <Cylinder R="30" H="100" />
      <Color R="127" G="127" B="127" A="0" />
      <TransformMatrix Value="1.77635683940025E-15,-1,0,0,0,0,1,0,-1,-1.77635683940025E-15,0,0,685.000000000001,-1836.01843753468,343.314451395545,1" />
    </Entity>
    <Entity ID="8" Type="simple" Visible="true">
      <Cylinder R="8" H="200" />
      <Color R="127" G="127" B="127" A="0" />
      <TransformMatrix Value="1.53837014910685E-15,-0.866025403784439,0.5,0,-8.88178419700125E-16,0.5,0.866025403784439,0,-1,-1.77635683940025E-15,0,0,749.543804825878,-1664.36121183691,297.319036394861,1" />
    </Entity>
    <Entity ID="9" Type="simple" Visible="true">
      <Cylinder R="30" H="100" />
      <Color R="127" G="127" B="127" A="0" />
      <TransformMatrix Value="1.53837014910685E-15,-0.866025403784439,0.5,0,-8.88178419700125E-16,0.5,0.866025403784439,0,-1,-1.77635683940025E-15,0,0,685,-1664.36121183691,297.31903639486,1" />
    </Entity>
    <Entity ID="10" Type="simple" Visible="true">
      <Cylinder R="8" H="200" />
      <Color R="127" G="127" B="127" A="0" />
      <TransformMatrix Value="8.88178419700127E-16,-0.500000000000001,0.866025403784438,0,-1.53837014910685E-15,0.866025403784438,0.500000000000001,0,-1,-1.77635683940025E-15,0,0,749.543804825877,-1538.69940113982,171.657225697774,1" />
    </Entity>
    <Entity ID="11" Type="simple" Visible="true">
      <Cylinder R="30" H="100" />
      <Color R="127" G="127" B="127" A="0" />
      <TransformMatrix Value="8.88178419700127E-16,-0.500000000000001,0.866025403784438,0,-1.53837014910685E-15,0.866025403784438,0.500000000000001,0,-1,-1.77635683940025E-15,0,0,684.999999999998,-1538.69940113982,171.657225697773,1" />
    </Entity>
    <Entity ID="12" Type="simple" Visible="true">
      <Cylinder R="8" H="200" />
      <Color R="127" G="127" B="127" A="0" />
      <TransformMatrix Value="3.64848168664718E-30,-2.05391259555654E-15,1,0,-1.77635683940025E-15,1,2.05391259555654E-15,0,-1,-1.77635683940025E-15,0,0,749.543804825876,-1492.70398613914,2.12640098316203E-12,1" />
    </Entity>
    <Entity ID="13" Type="simple" Visible="true">
      <Cylinder R="30" H="100" />
      <Color R="127" G="127" B="127" A="0" />
      <TransformMatrix Value="3.64848168664718E-30,-2.05391259555654E-15,1,0,-1.77635683940025E-15,1,2.05391259555654E-15,0,-1,-1.77635683940025E-15,0,0,684.999999999998,-1492.70398613914,1.65264661409399E-12,1" />
    </Entity>
    <Entity ID="14" Type="simple" Visible="true">
      <Cylinder R="8" H="200" />
      <Color R="127" G="127" B="127" A="0" />
      <TransformMatrix Value="-8.88178419700121E-16,0.499999999999998,0.86602540378444,0,-1.53837014910685E-15,0.86602540378444,-0.499999999999998,0,-1,-1.77635683940025E-15,0,0,749.543804825877,-1538.69940113982,-171.65722569777,1" />
    </Entity>
    <Entity ID="15" Type="simple" Visible="true">
      <Cylinder R="30" H="100" />
      <Color R="127" G="127" B="127" A="0" />
      <TransformMatrix Value="-8.88178419700121E-16,0.499999999999998,0.86602540378444,0,-1.53837014910685E-15,0.86602540378444,-0.499999999999998,0,-1,-1.77635683940025E-15,0,0,684.999999999998,-1538.69940113982,-171.657225697771,1" />
    </Entity>
    <Entity ID="16" Type="simple" Visible="true">
      <Cylinder R="8" H="200" />
      <Color R="127" G="127" B="127" A="0" />
      <TransformMatrix Value="-1.53837014910685E-15,0.866025403784437,0.500000000000003,0,-8.8817841970013E-16,0.500000000000003,-0.866025403784437,0,-1,-1.77635683940025E-15,0,0,749.543804825878,-1664.36121183691,-297.319036394859,1" />
    </Entity>
    <Entity ID="17" Type="simple" Visible="true">
      <Cylinder R="30" H="100" />
      <Color R="127" G="127" B="127" A="0" />
      <TransformMatrix Value="-1.53837014910685E-15,0.866025403784437,0.500000000000003,0,-8.8817841970013E-16,0.500000000000003,-0.866025403784437,0,-1,-1.77635683940025E-15,0,0,685,-1664.36121183691,-297.319036394859,1" />
    </Entity>
    <Entity ID="18" Type="simple" Visible="true">
      <Cylinder R="8" H="200" />
      <Color R="127" G="127" B="127" A="0" />
      <TransformMatrix Value="-1.77635683940025E-15,1,-1.22464679914735E-16,0,2.17540971751503E-31,-1.22464679914735E-16,-1,0,-1,-1.77635683940025E-15,0,0,749.543804825879,-1836.01843753468,-343.314451395546,1" />
    </Entity>
    <Entity ID="19" Type="simple" Visible="true">
      <Cylinder R="30" H="100" />
      <Color R="127" G="127" B="127" A="0" />
      <TransformMatrix Value="-1.77635683940025E-15,1,-1.22464679914735E-16,0,2.17540971751503E-31,-1.22464679914735E-16,-1,0,-1,-1.77635683940025E-15,0,0,685.000000000001,-1836.01843753468,-343.314451395545,1" />
    </Entity>
    <Entity ID="20" Type="simple" Visible="true">
      <Cylinder R="8" H="200" />
      <Color R="127" G="127" B="127" A="0" />
      <TransformMatrix Value="-1.53837014910686E-15,0.866025403784441,-0.499999999999996,0,8.88178419700118E-16,-0.499999999999996,-0.866025403784441,0,-1,-1.77635683940025E-15,0,0,749.54380482588,-2007.67566323245,-297.319036394862,1" />
    </Entity>
    <Entity ID="21" Type="simple" Visible="true">
      <Cylinder R="30" H="100" />
      <Color R="127" G="127" B="127" A="0" />
      <TransformMatrix Value="-1.53837014910686E-15,0.866025403784441,-0.499999999999996,0,8.88178419700118E-16,-0.499999999999996,-0.866025403784441,0,-1,-1.77635683940025E-15,0,0,685.000000000002,-2007.67566323245,-297.319036394862,1" />
    </Entity>
    <Entity ID="22" Type="simple" Visible="true">
      <Cylinder R="8" H="200" />
      <Color R="127" G="127" B="127" A="0" />
      <TransformMatrix Value="-8.88178419700132E-16,0.500000000000004,-0.866025403784436,0,1.53837014910685E-15,-0.866025403784436,-0.500000000000004,0,-1,-1.77635683940025E-15,0,0,749.543804825881,-2133.33747392954,-171.657225697776,1" />
    </Entity>
    <Entity ID="23" Type="simple" Visible="true">
      <Cylinder R="30" H="100" />
      <Color R="127" G="127" B="127" A="0" />
      <TransformMatrix Value="-8.88178419700132E-16,0.500000000000004,-0.866025403784436,0,1.53837014910685E-15,-0.866025403784436,-0.500000000000004,0,-1,-1.77635683940025E-15,0,0,685.000000000003,-2133.33747392954,-171.657225697775,1" />
    </Entity>
    <Entity ID="24" Type="simple" Visible="true">
      <Cylinder R="8" H="200" />
      <Color R="127" G="127" B="127" A="0" />
      <TransformMatrix Value="-9.86076131526265E-30,5.55111512312578E-15,-1,0,1.77635683940025E-15,-1,-5.55111512312578E-15,0,-1,-1.77635683940025E-15,0,0,749.543804825882,-2179.33288893023,-3.32704115033359E-12,1" />
    </Entity>
    <Entity ID="25" Type="simple" Visible="true">
      <Cylinder R="30" H="100" />
      <Color R="127" G="127" B="127" A="0" />
      <TransformMatrix Value="-9.86076131526265E-30,5.55111512312578E-15,-1,0,1.77635683940025E-15,-1,-5.55111512312578E-15,0,-1,-1.77635683940025E-15,0,0,685.000000000004,-2179.33288893023,-2.85328678126554E-12,1" />
    </Entity>
    <Entity ID="26" Type="simple" Visible="true">
      <Cylinder R="8" H="200" />
      <Color R="127" G="127" B="127" A="0" />
      <TransformMatrix Value="8.88178419700116E-16,-0.499999999999995,-0.866025403784442,0,1.53837014910686E-15,-0.866025403784442,0.499999999999995,0,-1,-1.77635683940025E-15,0,0,749.543804825881,-2133.33747392955,171.65722569777,1" />
    </Entity>
    <Entity ID="27" Type="simple" Visible="true">
      <Cylinder R="30" H="100" />
      <Color R="127" G="127" B="127" A="0" />
      <TransformMatrix Value="8.88178419700116E-16,-0.499999999999995,-0.866025403784442,0,1.53837014910686E-15,-0.866025403784442,0.499999999999995,0,-1,-1.77635683940025E-15,0,0,685.000000000003,-2133.33747392955,171.65722569777,1" />
    </Entity>
    <Entity ID="28" Type="simple" Visible="true">
      <Cylinder R="8" H="200" />
      <Color R="127" G="127" B="127" A="0" />
      <TransformMatrix Value="1.53837014910685E-15,-0.866025403784435,-0.500000000000006,0,8.88178419700136E-16,-0.500000000000006,0.866025403784435,0,-1,-1.77635683940025E-15,0,0,749.54380482588,-2007.67566323246,297.319036394859,1" />
    </Entity>
    <Entity ID="29" Type="simple" Visible="true">
      <Cylinder R="30" H="100" />
      <Color R="127" G="127" B="127" A="0" />
      <TransformMatrix Value="1.53837014910685E-15,-0.866025403784435,-0.500000000000006,0,8.88178419700136E-16,-0.500000000000006,0.866025403784435,0,-1,-1.77635683940025E-15,0,0,685.000000000002,-2007.67566323246,297.319036394859,1" />
    </Entity>
    <Entity ID="30" Type="simple" Visible="true">
      <Cylinder R="340" H="32" />
      <Color R="127" G="127" B="127" A="0" />
      <TransformMatrix Value="1.77635683940025E-15,-1,0,0,0,0,1,0,-1,-1.77635683940025E-15,0,0,520.000000000001,-1836.01843753469,0,1" />
    </Entity>
    <Entity ID="31" Type="simple" Visible="true">
      <Cylinder R="290" H="826" />
      <Color R="127" G="127" B="127" A="0" />
      <TransformMatrix Value="1.77635683940025E-15,-1,0,0,0,0,1,0,-1,-1.77635683940025E-15,0,0,488.000000000001,-1836.01843753469,0,1" />
    </Entity>
    <Entity ID="32" Type="simple" Visible="true">
      <Cylinder R="340" H="32" />
      <Color R="127" G="127" B="127" A="0" />
      <TransformMatrix Value="1.77635683940025E-15,-1,0,0,0,0,1,0,-1,-1.77635683940025E-15,0,0,-337.999999999999,-1836.01843753469,0,1" />
    </Entity>
    <Entity ID="33" Type="simple" Visible="true">
      <Cylinder R="70" H="370" />
      <Color R="138" G="149" B="151" A="0" />
      <TransformMatrix Value="1,0,0,0,0,0,1,0,0,-1,0,0,-140,-1466.01843753469,3.99368576131559E-12,1" />
    </Entity>
    <Entity ID="34" Type="simple" Visible="true">
      <Cylinder R="107.5" H="20" />
      <Color R="138" G="149" B="151" A="0" />
      <TransformMatrix Value="1,0,0,0,0,0,1,0,0,-1,0,0,-140,-1446.01843753469,4.6722144825773E-12,1" />
    </Entity>
    <Entity ID="35" Type="simple" Visible="true">
      <Cylinder R="70" H="370" />
      <Color R="138" G="149" B="151" A="0" />
      <TransformMatrix Value="1,0,0,0,0,0,1,0,0,1,0,0,-140,-2206.01843753468,3.99368576131559E-12,1" />
    </Entity>
    <Entity ID="36" Type="simple" Visible="true">
      <Cylinder R="107.5" H="20" />
      <Color R="138" G="149" B="151" A="0" />
      <TransformMatrix Value="1,0,0,0,0,0,1,0,0,1,0,0,-140,-2226.01843753468,4.6722144825773E-12,1" />
    </Entity>
    <Entity ID="37" Type="simple" Visible="true">
      <Cylinder R="107.5" H="60" />
      <Color R="138" G="149" B="151" A="0" />
      <TransformMatrix Value="1,0,0,0,0,0,1,0,0,-1,0,0,-140,-2226.01843753468,7.19246401869212E-12,1" />
    </Entity>
    <Entity ID="38" Type="simple" Visible="true">
      <Cylinder R="107.5" H="80" />
      <Color R="138" G="149" B="151" A="0" />
      <TransformMatrix Value="1,0,0,0,0,0,1,0,0,-1,0,0,-140,-1366.01843753469,4.41372735066809E-12,1" />
    </Entity>
    <Entity ID="39" Type="simple" Visible="true">
      <Cuboid L="110" W="160" H="160" />
      <Color R="138" G="149" B="151" A="0" />
      <TransformMatrix Value="0,1,0,0,0,0,1,0,1,0,0,0,-160.000000000001,-1311.01843753469,1.75583731935508E-12,1" />
    </Entity>
    <Entity ID="40" Type="simple" Visible="true">
      <Cylinder R="340" H="40" />
      <Color R="138" G="149" B="151" A="0" />
      <TransformMatrix Value="-1.77635683940025E-15,1,0,0,0,0,1,0,1,1.77635683940025E-15,0,0,780.000000000001,-1836.01843753468,0,1" />
    </Entity>
  </Entities>
</Device>